0	1	0.295	8.091	1.842	-0.597
10	1	1.031	7.852	1.842	-0.597
10	2	0.279	9.989	1.962	-0.326
20	1	1.768	7.613	1.869	-0.623
20	2	1.064	9.859	1.961	-0.325
30	1	2.515	7.364	1.909	-0.663
30	2	1.848	9.729	1.906	-0.403
40	1	3.279	7.099	1.910	-0.663
40	2	2.611	9.567	1.882	-0.436
50	1	4.043	6.834	2.019	-0.539
50	2	3.363	9.393	1.871	-0.479
60	1	4.851	6.618	2.066	-0.486
60	2	4.112	9.202	1.773	-0.862
70	1	5.677	6.424	2.066	-0.486
70	2	4.821	8.857	1.774	-0.862
80	1	6.503	6.229	2.050	-0.453
80	2	5.531	8.512	1.783	-0.904
80	3	0.078	8.752	1.452	-0.740
90	1	7.324	6.048	2.050	-0.452
90	2	6.244	8.151	1.796	-0.967
90	3	0.659	8.456	1.452	-0.740
100	1	8.144	5.867	2.059	-0.436
100	2	6.962	7.764	1.796	-0.967
100	3	1.240	8.160	1.470	-0.724
110	1	8.967	5.693	2.141	-0.288
110	2	7.681	7.377	1.847	-0.911
110	3	1.828	7.871	1.540	-0.663
120	1	9.824	5.577	2.141	-0.288
120	2	8.419	7.013	1.899	-0.856
120	3	2.444	7.605	1.540	-0.663
130	1	10.680	5.462	2.116	-0.306
130	2	9.179	6.670	1.919	-0.795
130	3	3.060	7.340	1.567	-0.658
140	1	11.527	5.340	2.017	-0.378
140	2	9.947	6.352	1.999	-0.549
140	3	3.687	7.077	1.595	-0.653
150	1	12.333	5.188	2.017	-0.378
150	2	10.746	6.133	1.999	-0.549
150	3	4.324	6.816	1.595	-0.652
160	1	13.140	5.037	2.029	-0.359
160	2	11.546	5.913	1.970	-0.181
160	3	4.962	6.555	1.571	-0.636
170	1	13.952	4.894	2.077	-0.282
170	2	12.334	5.840	1.957	-0.024
170	3	5.591	6.301	1.514	-0.597
180	1	14.782	4.781	2.077	-0.283
180	2	13.117	5.831	1.950	0.005
180	3	6.197	6.062	1.515	-0.597
190	2	13.897	5.833	1.920	0.119
190	3	6.802	5.823	1.515	-0.597
200	2	14.665	5.881	1.920	0.119
200	3	7.408	5.585	1.773	-0.530
210	3	8.118	5.372	1.774	-0.530
220	3	8.827	5.160	1.773	-0.530
230	4	15.294	9.097	-1.698	0.163
240	4	14.615	9.162	-1.698	0.163
240	5	15.042	8.569	-1.728	0.028
250	4	13.936	9.228	-1.738	0.277
250	5	14.351	8.580	-1.729	0.029
260	4	13.240	9.338	-1.778	0.391
260	5	13.659	8.592	-1.778	0.453
270	4	12.529	9.495	-1.778	0.391
270	5	12.948	8.773	-1.778	0.452
280	4	11.818	9.651	-1.696	0.500
280	5	12.237	8.954	-1.780	0.451
290	4	11.139	9.851	-1.642	0.573
290	5	11.525	9.134	-1.801	0.436
300	4	10.483	10.080	-1.633	0.569
300	5	10.804	9.309	-1.801	0.436
310	4	9.830	10.307	-1.559	0.530
310	5	10.084	9.483	-1.741	0.424
320	4	9.206	10.520	-1.559	0.530
320	5	9.388	9.653	-1.680	0.413
330	4	8.582	10.732	-1.588	0.453
330	5	8.716	9.818	-1.680	0.413
340	4	7.947	10.913	-1.631	0.338
340	5	8.044	9.983	-1.652	0.381
350	4	7.295	11.048	-1.631	0.338
350	5	7.383	10.136	-1.648	0.378
360	4	6.642	11.184	-1.596	0.330
360	5	6.724	10.287	-1.649	0.378
370	4	6.004	11.316	-1.544	0.319
370	5	6.064	10.438	-1.636	0.421
380	4	5.386	11.443	-1.543	0.318
380	5	5.410	10.607	-1.635	0.426
390	4	4.769	11.570	-1.570	0.307
390	5	4.756	10.777	-1.633	0.424
400	4	4.141	11.693	-1.608	0.290
400	5	4.102	10.947	-1.621	0.406
410	4	3.498	11.809	-1.608	0.290
410	5	3.454	11.109	-1.621	0.406
420	4	2.855	11.925	-1.608	0.289
420	5	2.806	11.271	-1.618	0.372
430	4	2.211	12.041	-1.595	0.305
430	5	2.159	11.420	-1.617	0.350
440	4	1.573	12.163	-1.593	0.307
440	5	1.512	11.560	-1.617	0.349
450	4	0.936	12.285	-1.594	0.307
450	5	0.865	11.700	-1.617	0.349
460	4	0.298	12.408	-1.593	0.307
460	5	0.218	11.839	-1.617	0.350
500	6	15.005	9.014	-1.071	-0.085
510	6	14.576	8.981	-1.071	-0.085
520	6	14.148	8.946	-1.090	-0.061
530	6	13.712	8.922	-1.118	-0.024
540	6	13.265	8.912	-1.118	-0.025
550	6	12.817	8.902	-1.221	0.256
560	6	12.329	9.004	-1.222	0.255
570	6	11.840	9.107	-1.209	0.225
580	6	11.356	9.197	-1.161	0.103
590	6	10.892	9.238	-1.161	0.103
600	6	10.427	9.279	-1.153	0.117
610	6	9.966	9.326	-1.134	0.149
610	7	11.282	8.098	-1.153	0.398
610	8	0.183	11.741	1.494	-0.310
620	6	9.512	9.385	-1.134	0.149
620	7	10.821	8.258	-1.070	0.470
620	8	0.780	11.617	1.494	-0.310
630	6	9.059	9.445	-1.134	0.163
630	7	10.393	8.445	-0.947	0.576
630	8	1.378	11.493	1.477	-0.208
640	6	8.605	9.510	-1.125	0.288
640	7	10.014	8.676	-0.947	0.577
640	8	1.969	11.410	1.470	-0.165
650	6	8.155	9.625	-1.125	0.288
650	7	9.635	8.907	-0.956	0.607
650	8	2.557	11.344	1.470	-0.165
660	6	7.705	9.741	-1.129	0.277
660	7	9.253	9.150	-0.970	0.652
660	8	3.145	11.278	1.489	-0.110
670	6	7.253	9.852	-1.146	0.234
670	7	8.865	9.411	-0.970	0.653
670	8	3.740	11.234	1.494	-0.096
680	6	6.795	9.945	-1.147	0.234
680	7	8.476	9.672	-1.004	0.656
680	8	4.338	11.196	1.493	-0.097
680	9	15.115	9.127	-1.663	0.334
680	10	15.159	8.389	-1.719	0.298
680	12	10.430	6.345	-0.415	-0.850
690	6	6.336	10.039	-1.117	0.212
690	7	8.075	9.934	-1.140	0.671
690	8	4.935	11.157	1.406	-0.091
690	9	14.450	9.261	-1.663	0.334
690	10	14.472	8.508	-1.719	0.298
690	12	10.264	6.005	-0.415	-0.850
700	6	5.890	10.124	-1.072	0.177
700	7	7.619	10.203	-1.140	0.671
700	8	5.497	11.120	1.368	-0.089
700	9	13.785	9.395	-1.645	0.347
700	10	13.784	8.628	-1.718	0.298
700	12	10.099	5.665	-0.415	-0.850
710	6	5.461	10.194	-1.072	0.177
710	7	7.163	10.471	-1.271	0.487
710	8	6.045	11.085	1.262	-0.209
710	9	13.126	9.534	-1.619	0.368
710	10	13.097	8.747	-1.645	0.249
710	12	9.933	5.325	-0.479	-1.011
720	6	5.032	10.265	-1.132	0.248
720	7	6.654	10.666	-1.304	0.441
720	8	6.549	11.001	1.200	-0.242
720	9	12.479	9.681	-1.619	0.367
720	10	12.438	8.846	-1.637	0.243
720	12	9.741	4.920	-0.544	-1.174
730	6	4.580	10.364	-1.158	0.278
730	7	6.133	10.842	-1.300	0.359
730	8	7.030	10.904	1.052	-0.063
730	9	11.831	9.827	-1.667	0.165
730	10	11.784	8.944	-1.653	0.234
730	12	9.524	4.451	-0.544	-1.174
740	6	4.117	10.475	-1.158	0.279
740	7	5.613	10.986	-1.295	0.275
740	8	7.450	10.879	1.093	-0.112
740	9	11.164	9.893	-1.680	0.115
740	10	11.122	9.037	-1.719	0.199
740	12	9.306	3.982	-0.460	-1.064
750	6	3.654	10.587	-1.194	0.237
750	7	5.095	11.096	-1.295	0.276
750	8	7.888	10.834	1.259	-0.311
750	9	10.493	9.939	-1.683	0.135
750	10	10.435	9.117	-1.719	0.199
750	11	0.088	7.704	1.368	-0.656
750	12	9.122	3.556	-0.376	-0.955
760	6	3.176	10.682	-1.210	0.218
760	7	4.577	11.206	-1.221	-0.183
760	8	8.391	10.710	1.258	-0.311
760	9	9.819	9.993	-1.698	0.217
760	10	9.747	9.196	-1.701	0.221
760	11	0.636	7.441	1.368	-0.656
760	12	8.972	3.174	-0.376	-0.955
770	6	2.692	10.769	-1.210	0.219
770	7	4.088	11.133	-1.212	-0.233
770	8	8.894	10.585	1.231	-0.548
770	9	9.140	10.080	-1.698	0.217
770	10	9.067	9.285	-1.630	0.308
770	11	1.183	7.179	1.376	-0.671
770	12	8.821	2.792	-0.376	-0.955
780	6	2.208	10.857	-1.100	0.331
780	7	3.604	11.040	-1.195	-0.205
780	8	9.387	10.366	1.228	-0.575
780	9	8.461	10.167	-1.578	0.332
780	10	8.415	9.408	-1.630	0.308
780	11	1.733	6.910	1.409	-0.731
780	12	8.671	2.410	-0.376	-0.767
790	6	1.768	10.989	-1.052	0.380
790	7	3.125	10.958	-1.184	-0.187
790	8	9.878	10.136	1.254	-0.613
790	9	7.829	10.300	-1.578	0.331
790	10	7.763	9.531	-1.634	0.322
790	11	2.297	6.618	1.409	-0.731
790	12	8.521	2.104	-0.376	-0.767
800	6	1.347	11.141	-1.052	0.379
800	7	2.652	10.883	-1.184	-0.186
800	8	10.380	9.891	1.359	-0.771
800	9	7.198	10.432	-1.604	0.382
800	10	7.110	9.660	-1.677	0.447
800	11	2.860	6.325	1.417	-0.716
800	12	8.370	1.797	-0.376	-0.767
810	6	0.926	11.293	-1.064	0.307
810	7	2.178	10.808	-1.211	-0.170
810	8	10.923	9.582	1.359	-0.771
810	9	6.556	10.585	-1.664	0.500
810	10	6.439	9.839	-1.677	0.447
810	11	3.427	6.039	1.491	-0.580
810	12	8.220	1.490	-0.487	-0.497
820	6	0.500	11.416	-1.082	0.199
820	7	1.694	10.740	-1.252	-0.146
820	8	11.467	9.274	1.383	-0.650
820	9	5.891	10.785	-1.663	0.501
820	10	5.768	10.018	-1.677	0.447
820	11	4.023	5.807	1.491	-0.581
820	12	8.025	1.291	-0.599	-0.226
830	7	1.193	10.682	-1.251	-0.145
830	8	12.020	9.014	1.389	-0.621
830	9	5.226	10.985	-1.650	0.501
830	10	5.097	10.197	-1.703	0.508
830	11	4.620	5.575	1.491	-0.580
830	12	7.786	1.201	-0.599	-0.226
840	7	0.693	10.624	-1.251	-0.145
840	8	12.576	8.765	1.429	-0.524
840	9	4.566	11.186	-1.595	0.504
840	10	4.416	10.400	-1.706	0.514
840	11	5.216	5.343	1.581	-0.501
840	12	7.546	1.110	-0.518	0.057
850	8	13.147	8.556	1.520	-0.298
850	9	3.928	11.387	-1.595	0.503
850	10	3.734	10.606	-1.705	0.514
850	11	5.848	5.142	1.672	-0.421
850	12	7.339	1.133	-0.465	0.246
860	8	13.755	8.437	1.520	-0.298
860	9	3.290	11.588	-1.595	0.504
860	10	3.052	10.811	-1.614	0.318
860	11	6.517	4.974	1.671	-0.421
860	12	7.153	1.231	-0.464	0.246
870	8	14.363	8.317	1.520	-0.298
870	9	2.652	11.790	-1.542	0.416
870	10	2.406	10.938	-1.613	0.319
870	11	7.185	4.805	1.672	-0.397
870	12	6.968	1.330	-0.405	0.365
880	9	2.035	11.956	-1.542	0.416
880	10	1.761	11.066	-1.614	0.318
880	11	7.854	4.647	1.670	-0.179
880	12	6.806	1.475	-0.167	0.841
890	9	1.419	12.123	-1.542	0.416
890	10	1.115	11.193	-1.447	0.477
890	11	8.522	4.575	1.671	-0.179
890	12	6.739	1.812	-0.167	0.841
890	13	15.111	8.759	-1.541	0.042
900	9	0.802	12.289	-1.542	0.416
900	10	0.537	11.384	-1.447	0.477
900	11	9.190	4.504	1.671	-0.179
900	12	6.672	2.148	0.288	0.655
900	13	14.495	8.776	-1.541	0.043
910	11	9.859	4.432	1.671	-0.168
910	12	6.787	2.410	0.289	0.655
910	13	13.879	8.793	-1.560	0.100
920	11	10.527	4.365	1.666	-0.066
920	12	6.903	2.672	0.288	0.654
920	13	13.255	8.833	-1.633	0.329
930	11	11.193	4.338	1.666	-0.066
930	12	7.018	2.933	0.369	0.616
930	13	12.602	8.965	-1.633	0.329
940	11	11.860	4.312	1.666	-0.066
940	12	7.165	3.180	0.378	0.612
940	13	11.949	9.096	-1.626	0.375
950	11	12.526	4.285	1.524	0.217
950	12	7.317	3.425	0.378	0.612
950	13	11.298	9.246	-1.613	0.481
960	11	13.136	4.372	1.383	0.499
960	12	7.468	3.669	0.378	0.612
960	13	10.653	9.439	-1.612	0.481
960	14	8.767	7.027	-1.111	0.067
960	15	8.980	6.549	-0.834	-0.087
970	11	13.689	4.572	1.383	0.499
970	12	7.619	3.914	0.031	0.579
970	13	10.008	9.631	-1.615	0.465
970	14	8.323	7.054	-1.111	0.066
970	15	8.646	6.514	-0.834	-0.087
970	16	0.471	7.227	1.831	-0.621
980	11	14.242	4.772	1.383	0.499
980	12	7.631	4.146	0.031	0.579
980	13	9.362	9.817	-1.625	0.404
980	14	7.878	7.080	-1.111	0.066
980	15	8.312	6.479	-0.834	-0.088
980	16	1.204	6.978	1.831	-0.621
990	11	14.795	4.971	1.383	0.499
990	12	7.644	4.377	0.031	0.579
990	13	8.712	9.979	-1.625	0.403
990	14	7.434	7.107	-1.354	-0.036
990	15	7.979	6.444	-1.051	-0.097
990	16	1.936	6.730	1.779	-0.824
1000	12	7.656	4.609	-0.240	0.554
1000	13	8.062	10.140	-1.625	0.404
1000	14	6.892	7.092	-1.415	-0.061
1000	15	7.558	6.406	-1.557	-0.119
1000	16	2.648	6.401	1.779	-0.824
1010	12	7.560	4.830	-0.421	0.537
1010	13	7.412	10.302	-1.636	0.209
1010	14	6.326	7.068	-1.415	-0.062
1010	15	6.935	6.358	-1.557	-0.119
1010	16	3.359	6.071	1.748	-0.902
1010	17	0.015	9.545	1.194	-0.573
1020	12	7.392	5.045	-0.421	0.537
1020	13	6.758	10.385	-1.640	0.161
1020	14	5.760	7.043	-1.342	0.051
1020	15	6.312	6.310	-1.529	-0.177
1020	16	4.059	5.710	1.745	-0.910
1020	17	0.493	9.316	1.194	-0.574
1030	12	7.223	5.260	-0.446	0.200
1030	13	6.102	10.450	-1.643	0.212
1030	14	5.223	7.063	-1.334	0.064
1030	15	5.701	6.239	-1.522	-0.192
1030	16	4.757	5.346	1.830	-0.700
1030	17	0.971	9.086	1.182	-0.615
1040	12	7.045	5.340	-0.463	-0.024
1040	13	5.445	10.535	-1.656	0.419
1040	14	4.690	7.089	-1.313	0.072
1040	15	5.092	6.162	-1.522	-0.192
1040	16	5.489	5.066	1.831	-0.700
1040	17	1.443	8.840	1.154	-0.712
1050	12	6.859	5.331	-0.463	-0.024
1050	13	4.782	10.702	-1.656	0.420
1050	14	4.164	7.118	-1.118	0.149
1050	15	4.483	6.086	-1.535	-0.075
1050	16	6.221	4.786	2.022	-0.464
1050	17	1.905	8.555	1.154	-0.712
1060	13	4.120	10.870	-1.637	0.342
1060	14	3.717	7.178	-1.118	0.149
1060	15	3.869	6.056	-1.534	-0.075
1060	16	7.030	4.600	2.105	-0.363
1060	17	2.367	8.271	1.195	-0.683
1070	13	3.465	11.007	-1.617	0.266
1070	14	3.270	7.237	-0.867	0.261
1070	15	3.255	6.026	-1.440	0.053
1070	16	7.871	4.455	2.122	-0.248
1070	17	2.845	7.998	1.357	-0.566
1080	13	2.818	11.114	-1.617	0.265
1080	14	2.923	7.342	-0.760	0.309
1080	15	2.679	6.047	-1.376	0.138
1080	16	8.720	4.356	2.149	-0.075
1080	17	3.387	7.771	1.365	-0.405
1090	13	2.171	11.220	-1.678	0.307
1090	14	2.619	7.466	-0.760	0.310
1090	15	2.129	6.102	-1.376	0.138
1090	16	9.580	4.326	2.148	-0.075
1090	17	3.933	7.609	1.385	-0.031
1100	13	1.500	11.342	-1.694	0.317
1100	15	1.578	6.157	-1.000	0.179
1100	16	10.439	4.296	2.105	-0.024
1100	17	4.487	7.597	1.385	-0.032
1110	13	0.822	11.469	-1.694	0.317
1110	15	1.179	6.229	-1.000	0.179
1110	16	11.281	4.286	2.105	-0.024
1120	16	12.123	4.277	2.105	-0.024
1130	18	15.426	8.393	-1.968	0.199
1140	18	14.639	8.472	-1.968	0.199
1140	21	1.136	7.652	1.039	0.382
1150	18	13.852	8.552	-1.968	0.199
1150	21	1.552	7.805	1.039	0.382
1160	18	13.064	8.632	-1.986	0.418
1160	19	12.242	7.491	-0.877	0.072
1160	21	1.967	7.958	1.039	0.382
1170	18	12.270	8.799	-1.988	0.442
1170	19	11.891	7.520	-0.877	0.072
1170	21	2.383	8.111	1.077	0.390
1180	18	11.475	8.975	-1.982	0.399
1180	19	11.540	7.549	-0.877	0.073
1180	21	2.813	8.267	1.228	0.418
1190	18	10.682	9.135	-1.959	0.226
1190	19	11.190	7.578	-1.068	0.139
1190	21	3.304	8.434	1.228	0.418
1200	18	9.898	9.225	-1.959	0.226
1200	19	10.763	7.634	-1.194	0.183
1200	20	11.991	8.161	-1.389	0.286
1200	21	3.795	8.601	1.215	0.381
1210	18	9.115	9.316	-1.960	0.255
1210	19	10.285	7.707	-1.194	0.184
1210	20	11.435	8.276	-1.389	0.286
1210	21	4.281	8.754	1.164	0.235
1220	18	8.330	9.418	-1.963	0.321
1220	19	9.808	7.780	-1.600	0.453
1220	20	10.879	8.390	-1.303	0.256
1220	21	4.747	8.848	1.164	0.235
1230	18	7.545	9.546	-1.963	0.321
1230	19	9.168	7.962	-1.600	0.453
1230	20	10.358	8.493	-1.267	0.243
1230	21	5.213	8.942	1.164	0.235
1230	25	3.849	4.590	0.475	0.196
1240	18	6.760	9.675	-1.949	0.354
1240	19	8.528	8.143	-1.340	0.745
1240	20	9.851	8.590	-1.266	0.243
1240	21	5.678	9.036	1.389	0.359
1240	25	4.039	4.668	0.474	0.196
1250	18	5.980	9.816	-1.943	0.367
1250	19	7.992	8.441	-1.080	1.036
1250	20	9.345	8.687	-1.447	0.119
1250	21	6.234	9.180	1.266	0.323
1250	25	4.229	4.747	0.475	0.195
1260	18	5.203	9.963	-1.943	0.353
1260	19	7.560	8.855	-1.349	0.790
1260	20	8.766	8.735	-1.447	0.119
1260	21	6.740	9.309	0.921	0.209
1260	25	4.419	4.825	0.475	0.196
1270	18	4.426	10.104	-1.940	0.224
1270	19	7.020	9.171	-1.529	0.625
1270	20	8.187	8.783	-1.258	0.104
1270	21	7.108	9.392	0.988	0.232
1270	25	4.609	4.903	0.474	0.196
1280	18	3.650	10.194	-1.940	0.224
1280	19	6.409	9.421	-1.586	0.636
1280	20	7.684	8.824	-1.259	0.104
1280	21	7.504	9.485	1.144	0.286
1280	25	4.798	4.981	0.475	0.196
1290	18	2.874	10.283	-1.940	0.224
1290	19	5.775	9.676	-1.644	0.646
1290	20	7.180	8.866	-1.285	0.255
1290	21	7.961	9.599	1.144	0.285
1290	25	4.988	5.060	0.594	0.101
1300	18	2.098	10.373	-1.943	0.332
1300	19	5.117	9.934	-1.630	0.658
1300	20	6.666	8.968	-1.296	0.320
1300	21	8.419	9.713	0.950	0.000
1300	25	5.225	5.100	0.593	0.101
1310	18	1.321	10.506	-1.943	0.344
1310	19	4.465	10.197	-1.497	0.757
1310	20	6.148	9.096	-1.297	0.319
1310	21	8.799	9.713	0.951	0.000
1310	22	14.781	5.883	-1.147	-0.076
1310	23	14.939	5.155	-1.099	0.000
1310	24	14.936	4.413	-1.143	-0.035
1310	25	5.463	5.141	0.594	0.102
1320	18	0.544	10.643	-1.943	0.344
1320	19	3.866	10.500	-1.497	0.757
1320	20	5.629	9.223	-1.436	0.462
1320	21	9.179	9.713	0.950	0.000
1320	22	14.322	5.852	-1.147	-0.077
1320	23	14.500	5.155	-1.099	0.000
1320	24	14.479	4.399	-1.142	-0.034
1320	25	5.700	5.182	0.594	0.101
1330	19	3.267	10.803	-1.476	0.528
1330	20	5.055	9.408	-1.452	0.477
1330	21	9.559	9.713	0.618	-0.240
1330	22	13.863	5.821	-1.147	-0.076
1330	23	14.060	5.155	-1.099	0.000
1330	24	14.022	4.385	-1.143	-0.034
1330	25	5.937	5.222	0.595	0.172
1340	19	2.676	11.014	-1.456	0.298
1340	20	4.474	9.599	-1.397	0.372
1340	21	9.806	9.617	0.581	-0.268
1340	22	13.405	5.791	-1.100	-0.004
1340	23	13.621	5.155	-1.111	0.028
1340	24	13.565	4.372	-1.097	-0.061
1340	25	6.175	5.291	0.598	0.339
1350	19	2.094	11.133	-1.456	0.298
1350	20	3.915	9.748	-1.315	0.213
1350	21	10.039	9.510	0.580	-0.267
1350	22	12.965	5.789	-1.052	0.069
1350	23	13.176	5.166	-1.114	0.035
1350	24	13.126	4.347	-1.078	-0.073
1350	25	6.414	5.427	0.598	0.339
1360	19	1.512	11.253	-1.380	0.304
1360	20	3.388	9.833	-1.315	0.213
1360	22	12.544	5.817	-1.052	0.070
1360	23	12.731	5.180	-1.114	0.035
1360	24	12.695	4.318	-1.078	-0.073
1360	25	6.654	5.562	0.598	0.339
1370	19	0.960	11.375	-1.305	0.310
1370	20	2.862	9.918	-1.332	0.258
1370	22	12.123	5.845	-1.052	0.069
1370	23	12.285	5.194	-1.090	-0.013
1370	24	12.263	4.289	-1.078	-0.073
1370	25	6.893	5.698	0.598	0.339
1370	26	6.367	0.491	0.056	1.619
1380	19	0.438	11.499	-1.305	0.310
1380	20	2.330	10.021	-1.343	0.288
1380	22	11.702	5.873	-1.063	0.031
1380	23	11.849	5.189	-1.052	-0.082
1380	24	11.832	4.260	-0.932	-0.350
1380	25	7.132	5.834	0.573	0.273
1380	26	6.390	1.139	0.056	1.620
1390	20	1.793	10.136	-1.342	0.288
1390	22	11.277	5.885	-1.106	-0.122
1390	23	11.428	5.156	-1.052	-0.083
1390	24	11.459	4.120	-0.834	-0.535
1390	25	7.361	5.943	0.570	0.265
1390	26	6.412	1.787	0.038	1.488
1400	20	1.256	10.252	-1.290	0.352
1400	22	10.834	5.836	-1.107	-0.122
1400	23	11.007	5.123	-1.052	-0.083
1400	24	11.126	3.906	-0.834	-0.535
1400	25	7.589	6.049	0.570	0.266
1400	26	6.428	2.382	0.030	1.432
1410	20	0.740	10.392	-1.268	0.380
1410	22	10.392	5.787	-1.106	-0.122
1410	23	10.586	5.090	-1.010	-0.148
1410	24	10.792	3.692	-0.922	-0.418
1410	25	7.817	6.155	0.511	0.242
1410	26	6.440	2.955	0.030	1.432
1420	20	0.233	10.544	-1.268	0.379
1420	22	9.949	5.738	-1.072	-0.168
1420	23	10.182	5.031	-1.000	-0.164
1420	24	10.423	3.525	-0.960	-0.369
1420	25	8.021	6.252	0.374	0.189
1420	26	6.452	3.527	0.024	1.393
1430	22	9.520	5.671	-0.992	-0.273
1430	23	9.782	4.965	-1.000	-0.164
1430	24	10.039	3.377	-0.960	-0.369
1430	25	8.171	6.327	0.374	0.188
1430	26	6.461	4.085	0.000	1.239
1440	22	9.123	5.562	-0.992	-0.273
1440	23	9.383	4.900	-1.000	-0.164
1440	24	9.655	3.230	-1.058	-0.236
1440	25	8.321	6.402	0.374	0.189
1440	26	6.461	4.580	0.000	1.239
1450	22	8.727	5.453	-0.992	-0.273
1450	23	8.983	4.834	-1.009	-0.168
1450	24	9.232	3.135	-1.289	0.075
1450	25	8.470	6.478	0.352	0.171
1450	26	6.461	5.076	0.000	1.239
1460	22	8.330	5.344	-0.979	-0.101
1460	23	8.579	4.767	-1.012	-0.168
1460	24	8.716	3.165	-1.289	0.075
1460	25	8.611	6.546	0.330	0.153
1460	26	6.461	5.572	0.044	1.230
1470	22	7.938	5.303	-0.976	-0.058
1470	23	8.174	4.700	-1.012	-0.168
1470	24	8.201	3.195	-1.289	0.075
1470	25	8.743	6.607	0.330	0.153
1470	26	6.479	6.064	0.145	1.208
1480	22	7.548	5.280	-0.975	-0.058
1480	23	7.769	4.632	-1.012	-0.168
1480	24	7.685	3.225	-1.283	0.112
1480	25	8.875	6.668	0.330	0.152
1480	26	6.537	6.547	0.145	1.208
1490	22	7.158	5.257	-0.976	-0.058
1490	23	7.365	4.565	-1.135	-0.087
1490	24	7.172	3.270	-1.268	0.199
1490	25	9.007	6.729	0.233	0.129
1490	26	6.595	7.030	0.145	1.209
1500	22	6.768	5.234	-1.093	-0.080
1500	23	6.910	4.530	-1.149	-0.079
1500	24	6.665	3.349	-1.269	0.199
1500	25	9.101	6.781	-0.156	0.035
1500	26	6.652	7.514	0.230	1.144
1510	22	6.330	5.202	-1.144	-0.089
1510	23	6.451	4.499	-1.149	-0.079
1510	24	6.157	3.429	-1.268	0.199
1510	25	9.038	6.795	-0.157	0.036
1510	26	6.744	7.971	0.431	0.995
1520	22	5.873	5.166	-1.144	-0.089
1520	23	5.991	4.467	-1.141	-0.075
1520	24	5.650	3.508	-1.153	0.119
1520	25	8.975	6.809	-0.156	0.035
1520	26	6.917	8.369	0.430	0.994
1530	22	5.415	5.130	-1.144	-0.089
1530	23	5.535	4.437	-1.067	-0.048
1530	24	5.189	3.556	-0.981	0.000
1530	25	8.913	6.823	-0.157	0.036
1530	26	7.089	8.767	0.430	0.995
1540	22	4.957	5.094	-1.089	-0.056
1540	23	5.108	4.418	-1.067	-0.048
1540	24	4.797	3.556	-0.981	0.000
1540	25	8.850	6.838	-0.157	0.036
1540	26	7.261	9.165	0.360	0.848
1550	22	4.522	5.072	-1.065	-0.042
1550	23	4.681	4.399	-1.067	-0.048
1550	24	4.404	3.556	-0.980	0.000
1550	25	8.787	6.852	-0.156	0.035
1550	26	7.405	9.504	0.360	0.848
1560	22	4.096	5.055	-1.064	-0.041
1560	23	4.255	4.379	-1.067	-0.055
1560	24	4.012	3.556	-0.981	0.000
1560	25	8.725	6.866	-0.157	0.036
1560	26	7.549	9.843	0.360	0.848
1560	27	9.766	9.217	0.006	-0.121
1560	28	0.844	7.509	0.512	-0.393
1570	22	3.670	5.039	-1.064	-0.042
1570	23	3.828	4.357	-1.067	-0.064
1570	24	3.620	3.556	-1.309	-0.069
1570	25	8.662	6.880	-0.156	0.035
1570	26	7.693	10.182	0.340	0.851
1570	27	9.769	9.169	0.006	-0.121
1570	28	1.049	7.352	0.512	-0.393
1580	22	3.244	5.022	-1.080	-0.042
1580	23	3.402	4.331	-1.067	-0.064
1580	24	3.096	3.528	-1.310	-0.070
1580	25	8.600	6.894	-0.357	-0.092
1580	26	7.829	10.523	0.263	0.867
1580	27	9.771	9.120	0.006	-0.121
1580	28	1.254	7.195	0.512	-0.393
1590	22	2.812	5.005	-1.104	-0.044
1590	23	2.975	4.306	-1.067	-0.065
1590	24	2.573	3.500	-1.309	-0.069
1590	25	8.457	6.858	-0.407	-0.124
1590	26	7.935	10.869	0.263	0.866
1590	27	9.774	9.072	0.006	-0.121
1590	28	1.459	7.038	0.512	-0.392
1600	22	2.370	4.988	-1.103	-0.044
1600	23	2.548	4.280	-1.032	0.057
1600	24	2.049	3.473	-1.309	-0.069
1600	25	8.294	6.808	-0.407	-0.124
1600	26	8.040	11.216	0.263	0.867
1600	27	9.776	9.024	0.006	-0.121
1600	28	1.664	6.881	0.759	-0.303
1610	22	1.929	4.970	-1.104	-0.044
1610	23	2.136	4.303	-1.018	0.110
1610	24	1.525	3.445	-1.213	0.141
1610	25	8.131	6.759	-0.407	-0.124
1610	26	8.145	11.563	0.263	0.866
1610	27	9.778	8.976	0.006	-0.121
1610	28	1.967	6.760	0.820	-0.281
1620	22	1.488	4.952	-1.063	0.031
1620	23	1.729	4.346	-1.017	0.109
1620	24	1.040	3.501	-1.171	0.231
1620	25	7.968	6.709	-0.407	-0.124
1620	26	8.250	11.909	0.189	0.704
1620	27	9.781	8.927	0.006	-0.121
1620	28	2.295	6.647	0.820	-0.281
1620	29	14.935	5.855	-1.947	0.100
1630	22	1.062	4.965	-0.970	0.205
1630	23	1.322	4.390	-1.017	0.109
1630	24	0.572	3.594	-1.171	0.231
1630	25	7.806	6.660	-0.275	-0.261
1630	26	8.326	12.191	0.189	0.704
1630	27	9.783	8.879	0.006	-0.121
1630	28	2.623	6.535	0.860	-0.149
1630	29	14.156	5.895	-1.947	0.100
1640	22	0.674	5.047	-0.970	0.205
1640	23	0.915	4.434	-1.018	0.110
1640	25	7.695	6.555	-0.144	-0.398
1640	26	8.402	12.472	0.189	0.704
1640	27	9.785	8.831	-0.276	-0.564
1640	28	2.968	6.476	0.921	0.050
1640	29	13.377	5.935	-1.933	0.178
1650	22	0.286	5.129	-0.970	0.205
1650	23	0.508	4.478	-1.017	0.109
1650	25	7.638	6.396	-0.144	-0.398
1650	26	8.478	12.754	0.189	0.704
1650	27	9.675	8.605	-0.559	-1.007
1650	28	3.336	6.496	0.921	0.050
1650	29	12.604	6.006	-1.876	0.493
1660	25	7.581	6.237	-0.085	-0.442
1660	26	8.553	13.036	0.189	0.704
1660	27	9.451	8.202	-0.665	-1.366
1660	28	3.704	6.515	0.921	0.050
1660	29	11.854	6.203	-1.876	0.493
1670	25	7.547	6.060	0.150	-0.618
1670	27	9.185	7.656	-0.530	-1.476
1670	28	4.072	6.535	1.088	0.109
1670	29	11.104	6.400	-1.859	0.681
1680	25	7.607	5.813	0.150	-0.618
1680	27	8.973	7.066	-0.383	-1.546
1680	28	4.508	6.579	1.130	0.123
1680	29	10.360	6.673	-1.897	0.686
1690	25	7.667	5.566	0.102	-0.629
1690	27	8.820	6.447	-0.327	-1.478
1690	28	4.960	6.628	1.130	0.122
1690	29	9.601	6.947	-2.057	0.624
1700	25	7.708	5.314	0.029	-0.647
1700	27	8.690	5.856	-0.197	-1.317
1700	28	5.411	6.677	1.065	0.044
1700	29	8.778	7.197	-2.057	0.623
1710	25	7.719	5.056	0.029	-0.646
1710	27	8.611	5.329	-0.197	-1.317
1710	28	5.838	6.694	0.970	-0.075
1710	29	7.956	7.446	-2.148	0.547
1720	25	7.731	4.797	0.029	-0.646
1720	27	8.532	4.802	-0.144	-1.019
1720	28	6.226	6.665	0.970	-0.075
1720	29	7.096	7.665	-2.149	0.547
1730	25	7.743	4.539	-0.236	-0.344
1730	27	8.474	4.394	-0.137	-0.986
1730	28	6.614	6.635	0.926	-0.148
1730	29	6.237	7.884	-2.052	0.365
1740	25	7.648	4.401	-0.303	-0.268
1740	27	8.419	4.000	-0.034	-0.752
1740	28	6.984	6.576	0.747	-0.443
1740	29	5.416	8.029	-1.987	0.243
1750	25	7.527	4.293	-0.303	-0.268
1750	27	8.406	3.699	0.035	-0.597
1750	28	7.283	6.398	0.747	-0.443
1750	29	4.621	8.127	-1.988	0.243
1760	25	7.406	4.186	-0.303	-0.268
1760	27	8.420	3.461	0.035	-0.597
1760	28	7.582	6.221	0.747	-0.443
1760	29	3.826	8.224	-1.967	0.132
1770	29	3.039	8.277	-1.964	0.119
1780	30	12.813	9.162	-1.438	0.577
1780	31	1.784	11.060	1.540	-0.508
1790	30	12.238	9.393	-1.439	0.576
1790	31	2.400	10.857	1.540	-0.508
1790	32	6.635	6.015	-0.295	1.336
1800	30	11.663	9.623	-1.429	0.594
1800	31	3.016	10.654	1.439	-0.510
1800	32	6.517	6.550	-0.295	1.336
1810	30	11.091	9.861	-1.409	0.635
1810	31	3.591	10.450	1.372	-0.511
1810	32	6.399	7.084	-0.283	1.345
1820	30	10.527	10.115	-1.409	0.635
1820	31	4.140	10.245	1.372	-0.512
1820	32	6.286	7.622	-0.176	1.421
1830	30	9.964	10.369	-1.415	0.632
1830	31	4.689	10.041	1.581	-0.353
1830	32	6.216	8.191	-0.175	1.421
1840	30	9.398	10.622	-1.438	0.616
1840	31	5.321	9.899	1.634	-0.314
1840	32	6.146	8.759	-0.607	1.010
1850	30	8.823	10.869	-1.438	0.616
1850	31	5.975	9.774	1.584	-0.288
1850	32	5.903	9.163	-1.164	1.069
1860	30	8.247	11.115	-1.430	0.548
1860	31	6.609	9.659	1.578	-0.286
1860	32	5.437	9.590	-1.365	1.053
1870	30	7.675	11.334	-1.396	0.276
1870	31	7.240	9.544	1.546	-0.447
1870	32	4.891	10.011	-1.327	1.011
1880	30	7.117	11.445	-1.396	0.275
1880	31	7.858	9.365	1.524	-0.555
1880	32	4.360	10.416	-1.335	0.929
1890	30	6.559	11.555	-1.366	0.079
1890	31	8.468	9.143	1.524	-0.555
1890	32	3.826	10.787	-1.368	0.597
1900	30	6.012	11.586	-1.346	-0.053
1900	31	9.078	8.921	1.665	-0.567
1900	32	3.279	11.026	-1.357	0.505
1910	30	5.473	11.565	-1.346	-0.053
1910	31	9.744	8.694	1.726	-0.573
1910	32	2.736	11.228	-1.315	0.138
1920	30	4.935	11.544	-1.328	-0.078
1920	31	10.434	8.465	1.735	-0.471
1920	32	2.210	11.283	-1.315	0.138
1930	30	4.404	11.513	-1.254	-0.175
1930	31	11.128	8.276	1.773	-0.066
1930	32	1.684	11.338	-1.014	-0.026
1940	30	3.902	11.443	-1.253	-0.175
1940	31	11.837	8.250	1.774	-0.066
1940	32	1.278	11.328	-0.813	-0.136
1950	30	3.401	11.373	-1.254	-0.175
1950	31	12.547	8.223	1.739	-0.051
1950	32	0.953	11.273	-0.813	-0.135
1960	30	2.899	11.303	-1.282	0.227
1960	31	13.243	8.203	1.706	-0.036
1970	30	2.386	11.393	-1.290	0.327
1970	31	13.925	8.188	1.706	-0.036
1980	30	1.870	11.524	-1.290	0.327
1980	31	14.608	8.174	1.706	-0.036
1990	30	1.354	11.655	-1.256	0.232
2000	30	0.852	11.748	-1.242	0.191
2010	30	0.355	11.824	-1.242	0.191
2040	33	0.146	10.352	1.542	-0.144
2050	33	0.763	10.294	1.542	-0.144
2060	33	1.380	10.237	1.542	-0.206
2070	33	1.996	10.154	1.542	-0.452
2080	33	2.613	9.974	1.542	-0.453
2090	33	3.230	9.792	1.488	-0.434
2100	33	3.825	9.619	1.361	-0.391
2110	33	4.370	9.462	1.361	-0.391
2110	34	15.261	8.654	-2.402	0.415
2110	35	0.182	8.361	1.140	-0.099
2120	33	4.914	9.306	1.327	-0.452
2120	34	14.301	8.820	-2.402	0.415
2120	35	0.638	8.321	1.140	-0.100
2130	33	5.445	9.125	1.275	-0.542
2130	34	13.340	8.986	-2.355	0.437
2130	35	1.094	8.281	1.164	-0.134
2140	33	5.955	8.908	1.275	-0.542
2140	34	12.398	9.161	-2.307	0.459
2140	35	1.560	8.228	1.201	-0.186
2150	33	6.465	8.692	1.277	-0.520
2150	34	11.475	9.344	-2.307	0.459
2150	35	2.040	8.153	1.200	-0.187
2150	36	14.859	6.125	-1.578	0.192
2160	33	6.976	8.484	1.288	-0.314
2160	34	10.552	9.528	-2.333	0.304
2160	35	2.520	8.079	1.182	-0.137
2160	36	14.227	6.202	-1.578	0.192
2170	33	7.491	8.358	1.288	-0.314
2170	34	9.619	9.649	-2.336	0.286
2170	35	2.993	8.024	1.109	0.064
2170	36	13.596	6.278	-1.553	0.163
2180	33	8.006	8.233	1.288	-0.314
2180	34	8.685	9.764	-2.294	0.325
2180	35	3.437	8.050	1.109	0.064
2180	36	12.975	6.344	-1.515	0.119
2190	33	8.521	8.107	1.239	-0.275
2190	34	7.767	9.894	-2.231	0.382
2190	35	3.880	8.075	1.131	0.089
2190	36	12.369	6.391	-1.515	0.119
2200	33	9.017	7.997	1.125	-0.185
2200	34	6.875	10.047	-2.231	0.382
2200	35	4.332	8.111	1.164	0.126
2200	36	11.762	6.439	-1.648	0.119
2200	37	6.003	12.440	0.054	-0.823
2210	33	9.467	7.923	1.125	-0.186
2210	34	5.982	10.199	-2.136	0.410
2210	35	4.798	8.161	1.164	0.126
2210	36	11.103	6.487	-1.663	0.119
2210	37	6.024	12.111	0.055	-0.823
2220	33	9.916	7.849	1.196	-0.212
2220	34	5.128	10.363	-2.125	0.413
2220	35	5.264	8.212	1.165	0.096
2220	36	10.438	6.535	-1.699	0.141
2220	37	6.046	11.782	0.065	-0.842
2230	33	10.395	7.764	1.302	-0.254
2230	34	4.278	10.528	-2.132	0.431
2230	35	5.729	8.250	1.175	-0.179
2230	36	9.759	6.591	-1.754	0.174
2230	37	6.072	11.445	0.090	-0.885
2240	33	10.916	7.662	1.302	-0.254
2240	34	3.425	10.701	-2.148	0.472
2240	35	6.200	8.179	1.175	-0.179
2240	36	9.057	6.661	-1.754	0.174
2240	37	6.109	11.091	0.091	-0.884
2250	33	11.437	7.561	1.302	-0.254
2250	34	2.566	10.890	-2.149	0.473
2250	35	6.670	8.107	1.183	-0.181
2250	36	8.355	6.730	-1.578	0.323
2250	37	6.145	10.737	0.075	-0.897
2260	33	11.958	7.459	1.323	-0.152
2260	34	1.706	11.079	-2.267	0.465
2260	35	7.143	8.035	1.260	-0.199
2260	36	7.724	6.860	-1.578	0.323
2260	37	6.175	10.379	0.053	-0.915
2260	38	0.065	10.136	2.059	-0.415
2270	33	12.487	7.398	1.355	0.000
2270	34	0.800	11.265	-2.280	0.464
2270	35	7.647	7.955	1.260	-0.199
2270	36	7.093	6.989	-1.615	0.336
2270	37	6.196	10.012	0.053	-0.915
2270	38	0.889	9.970	2.059	-0.415
2280	33	13.029	7.398	1.355	0.000
2280	35	8.151	7.876	1.260	-0.199
2280	36	6.447	7.123	-1.640	0.344
2280	37	6.217	9.647	0.039	-0.915
2280	38	1.712	9.804	2.002	-0.249
2290	33	13.571	7.398	1.336	0.031
2290	35	8.655	7.796	1.208	-0.440
2290	36	5.791	7.261	-1.639	0.344
2290	37	6.233	9.281	0.019	-0.916
2290	38	2.513	9.704	1.964	-0.139
2300	33	14.106	7.411	1.167	0.311
2300	35	9.138	7.620	1.194	-0.500
2300	36	5.135	7.398	-1.578	0.276
2300	37	6.240	8.914	0.019	-0.916
2300	38	3.299	9.648	1.965	-0.140
2310	33	14.572	7.535	1.167	0.311
2310	35	9.615	7.420	1.195	-0.500
2310	36	4.504	7.509	-1.578	0.275
2310	37	6.248	8.547	-0.087	-0.832
2310	38	4.084	9.592	2.016	-0.240
2320	35	10.093	7.220	1.195	-0.503
2320	36	3.873	7.619	-1.619	0.266
2320	37	6.213	8.215	-0.158	-0.776
2320	38	4.891	9.496	2.050	-0.309
2330	35	10.571	7.019	1.202	-0.528
2330	36	3.225	7.725	-1.680	0.252
2330	37	6.150	7.904	-0.158	-0.776
2330	38	5.711	9.373	2.050	-0.308
2340	35	11.052	6.808	1.203	-0.529
2340	36	2.553	7.826	-1.680	0.252
2340	37	6.087	7.594	-0.266	-0.847
2340	38	6.531	9.249	2.143	-0.247
2350	35	11.533	6.597	1.203	-0.529
2350	36	1.881	7.927	-1.614	0.298
2350	37	5.980	7.255	-0.338	-0.895
2350	38	7.388	9.150	2.183	-0.221
2360	35	12.015	6.385	1.206	-0.582
2360	36	1.235	8.046	-1.598	0.309
2360	37	5.845	6.897	-0.338	-0.895
2360	38	8.261	9.062	2.183	-0.221
2370	35	12.497	6.152	1.208	-0.619
2370	36	0.596	8.170	-1.598	0.310
2370	37	5.710	6.539	-0.010	-0.706
2370	38	9.134	8.974	2.017	-0.239
2380	35	12.980	5.905	1.208	-0.619
2380	37	5.706	6.257	0.073	-0.658
2380	38	9.941	8.878	2.017	-0.239
2390	35	13.463	5.657	1.221	-0.530
2390	37	5.735	5.994	0.073	-0.659
2390	38	10.748	8.783	2.017	-0.239
2400	35	13.952	5.445	1.222	-0.520
2400	38	11.555	8.687	1.985	-0.379
2410	35	14.441	5.237	1.222	-0.520
2410	38	12.349	8.535	1.985	-0.380
2440	39	8.662	6.274	1.461	0.265
2440	40	14.886	6.563	-1.761	0.597
2440	41	15.281	9.021	-1.936	0.000
2450	39	9.246	6.380	1.462	0.266
2450	40	14.182	6.802	-1.762	0.597
2450	41	14.506	9.021	-1.936	0.000
2460	39	9.831	6.486	1.429	0.201
2460	40	13.477	7.040	-1.855	0.499
2460	41	13.732	9.021	-1.935	0.000
2470	39	10.403	6.567	1.396	0.138
2470	40	12.735	7.240	-1.865	0.489
2470	41	12.958	9.021	-2.018	0.437
2480	39	10.961	6.622	1.396	0.138
2480	40	11.989	7.435	-1.772	0.442
2480	41	12.151	9.196	-2.027	0.486
2490	39	11.520	6.677	0.737	0.200
2490	40	11.280	7.612	-1.732	0.422
2490	41	11.340	9.391	-2.012	0.518
2500	39	11.814	6.757	0.663	0.208
2500	40	10.587	7.781	-1.736	0.382
2500	41	10.535	9.598	-1.951	0.646
2510	40	9.893	7.934	-1.747	0.286
2510	41	9.755	9.857	-1.951	0.646
2520	40	9.194	8.049	-1.747	0.286
2520	41	8.975	10.115	-1.872	0.664
2530	40	8.495	8.163	-1.840	0.117
2530	41	8.226	10.381	-1.852	0.668
2540	40	7.759	8.210	-1.864	0.075
2540	41	7.485	10.648	-1.816	0.714
2550	40	7.014	8.240	-1.771	0.140
2550	41	6.758	10.934	-1.732	0.820
2560	40	6.306	8.296	-1.631	0.239
2560	41	6.066	11.262	-1.732	0.820
2570	40	5.653	8.391	-1.631	0.239
2570	41	5.373	11.590	-1.632	0.748
2570	42	14.694	8.649	-1.769	-0.190
2580	40	5.001	8.487	-1.738	0.152
2580	41	4.720	11.889	-1.621	0.740
2580	42	13.986	8.573	-1.799	-0.044
2590	40	4.305	8.547	-1.898	0.021
2590	41	4.072	12.185	-1.577	0.784
2590	42	13.267	8.556	-1.865	0.298
2600	40	3.546	8.556	-1.898	0.021
2600	41	3.441	12.499	-1.513	0.850
2600	42	12.521	8.675	-1.868	0.297
2610	40	2.787	8.565	-1.827	0.240
2610	41	2.836	12.839	-1.513	0.850
2610	42	11.773	8.794	-1.894	0.278
2620	40	2.056	8.660	-1.780	0.386
2620	41	2.231	13.179	-1.513	0.850
2620	42	11.016	8.905	-1.894	0.279
2630	40	1.344	8.815	-1.779	0.386
2630	41	1.626	13.519	-1.513	0.850
2630	42	10.258	9.017	-1.886	0.272
2640	40	0.633	8.969	-1.779	0.386
2640	42	9.504	9.125	-1.810	0.215
2650	42	8.780	9.211	-1.810	0.215
2660	42	8.056	9.297	-1.846	0.245
2670	42	7.317	9.395	-1.871	0.265
2680	42	6.569	9.501	-1.871	0.266
2730	43	15.235	9.047	-1.801	-0.023
2730	44	10.049	6.892	-0.123	0.656
2740	43	14.514	9.038	-1.802	-0.023
2740	44	10.000	7.155	-0.123	0.656
2750	43	13.793	9.029	-1.777	0.053
2750	44	9.951	7.418	-0.123	0.656
2760	43	13.083	9.050	-1.684	0.358
2760	44	9.902	7.680	-0.153	0.795
2770	43	12.409	9.193	-1.684	0.358
2770	44	9.841	7.998	-0.160	0.830
2780	43	11.736	9.336	-1.656	0.664
2780	44	9.777	8.330	-0.176	0.644
2790	43	11.073	9.602	-1.644	0.796
2790	44	9.706	8.588	-0.193	0.458
2800	43	10.415	9.920	-1.658	0.723
2800	44	9.629	8.771	-0.193	0.458
2810	43	9.752	10.210	-1.692	0.554
2810	44	9.552	8.954	-0.474	0.332
2820	43	9.075	10.431	-1.691	0.554
2820	44	9.362	9.087	-0.755	0.208
2830	43	8.399	10.653	-1.635	0.618
2830	44	9.060	9.170	-0.696	0.151
2840	43	7.745	10.900	-1.578	0.682
2840	44	8.782	9.230	-0.460	-0.075
2840	45	-0.038	13.279	1.529	-0.710
2850	43	7.114	11.173	-1.578	0.682
2850	44	8.597	9.200	-0.460	-0.075
2850	45	0.573	12.995	1.529	-0.711
2860	43	6.482	11.445	-1.536	0.606
2860	44	8.413	9.171	-0.460	-0.075
2860	45	1.185	12.710	1.607	-0.714
2870	43	5.868	11.688	-1.518	0.574
2870	44	8.229	9.141	-0.406	-0.307
2870	45	1.828	12.425	1.642	-0.716
2880	43	5.261	11.917	-1.530	0.558
2880	44	8.067	9.018	-0.406	-0.307
2880	45	2.484	12.138	1.633	-0.706
2890	43	4.649	12.141	-1.635	0.427
2890	44	7.904	8.895	-0.406	-0.307
2890	45	3.138	11.856	1.600	-0.668
2900	43	3.995	12.312	-1.635	0.426
2900	44	7.742	8.772	-0.172	-0.303
2900	45	3.777	11.588	1.600	-0.668
2910	43	3.341	12.482	-1.613	0.428
2910	44	7.673	8.651	0.062	-0.298
2910	45	4.417	11.321	1.791	-0.568
2920	43	2.696	12.653	-1.560	0.432
2920	44	7.698	8.532	0.062	-0.298
2920	45	5.134	11.094	1.873	-0.525
2930	43	2.072	12.826	-1.561	0.433
2930	44	7.723	8.413	0.062	-0.298
2930	45	5.883	10.884	1.827	-0.524
2940	43	1.448	12.999	-1.560	0.432
2940	45	6.614	10.674	1.644	-0.522
2950	46	15.113	7.655	-1.619	0.138
2960	46	14.465	7.711	-1.619	0.137
2960	47	14.691	8.306	-1.469	0.125
2960	48	14.707	9.007	-1.494	-0.072
2970	46	13.818	7.766	-1.630	0.196
2970	47	14.104	8.356	-1.473	0.141
2970	48	14.110	8.978	-1.494	-0.072
2980	46	13.166	7.844	-1.657	0.331
2980	47	13.515	8.413	-1.507	0.298
2980	48	13.512	8.950	-1.305	0.287
2990	46	12.503	7.976	-1.656	0.332
2990	47	12.912	8.532	-1.507	0.298
2990	48	12.990	9.065	-1.306	0.288
3000	46	11.841	8.109	-1.568	0.350
3000	47	12.309	8.651	-1.530	0.450
3000	48	12.467	9.180	-1.367	0.395
3010	46	11.213	8.249	-1.510	0.363
3010	47	11.697	8.831	-1.533	0.467
3010	48	11.920	9.338	-1.513	0.646
3010	49	8.891	8.481	0.769	-0.367
3020	46	10.609	8.395	-1.538	0.368
3020	47	11.084	9.018	-1.623	0.473
3020	48	11.315	9.596	-1.513	0.647
3020	49	9.199	8.335	0.769	-0.367
3030	46	9.994	8.542	-1.602	0.379
3030	47	10.435	9.207	-1.684	0.477
3030	48	10.710	9.855	-1.493	0.512
3030	49	9.506	8.188	0.888	-0.171
3040	46	9.353	8.694	-1.602	0.385
3040	47	9.761	9.398	-1.669	0.480
3040	48	10.113	10.060	-1.491	0.497
3040	49	9.862	8.120	1.007	0.026
3040	50	0.112	10.188	0.894	-0.537
3050	46	8.712	8.848	-1.600	0.430
3050	47	9.094	9.590	-1.536	0.501
3050	48	9.517	10.258	-1.503	0.440
3050	49	10.264	8.130	0.993	0.017
3050	50	0.469	9.974	0.894	-0.537
3060	46	8.073	9.019	-1.600	0.430
3060	47	8.479	9.791	-1.536	0.501
3060	48	8.915	10.434	-1.515	0.382
3060	49	10.662	8.137	0.940	-0.021
3060	50	0.827	9.759	0.894	-0.537
3070	46	7.433	9.191	-1.645	0.437
3070	47	7.865	9.991	-1.574	0.516
3070	48	8.309	10.587	-1.515	0.382
3070	49	11.037	8.128	0.940	-0.021
3070	50	1.185	9.544	0.906	-0.461
3080	46	6.775	9.366	-1.676	0.442
3080	47	7.235	10.197	-1.600	0.525
3080	48	7.703	10.740	-1.714	0.366
3080	49	11.413	8.119	1.080	0.042
3080	50	1.547	9.360	0.907	-0.452
3090	46	6.104	9.543	-1.676	0.442
3090	47	6.595	10.407	-1.602	0.498
3090	48	7.017	10.886	-1.714	0.366
3090	49	11.845	8.136	1.291	0.135
3090	50	1.910	9.179	0.907	-0.453
3100	46	5.434	9.720	-1.622	0.332
3100	47	5.954	10.607	-1.623	0.248
3100	48	6.332	11.032	-1.714	0.366
3100	49	12.362	8.190	1.161	0.184
3100	50	2.273	8.997	0.798	-0.267
3100	52	0.118	12.916	0.809	-0.160
3110	46	4.785	9.852	-1.616	0.320
3110	47	5.305	10.706	-1.622	0.249
3110	48	5.646	11.179	-1.632	0.417
3110	49	12.826	8.264	0.637	0.377
3110	50	2.592	8.891	0.798	-0.268
3110	51	14.783	8.329	-2.943	-0.881
3110	52	0.442	12.852	0.809	-0.160
3120	46	4.139	9.980	-1.622	0.313
3120	47	4.657	10.805	-1.653	0.179
3120	48	4.993	11.345	-1.622	0.422
3120	49	13.081	8.415	0.616	0.178
3120	50	2.912	8.783	0.768	-0.256
3120	51	13.606	7.977	-2.509	-2.020
3120	52	0.766	12.788	0.778	-0.102
3130	46	3.490	10.106	-1.672	0.255
3130	47	3.995	10.877	-1.666	0.149
3130	48	4.344	11.514	-1.601	0.339
3130	49	13.327	8.486	0.568	-0.286
3130	50	3.219	8.681	0.492	-0.154
3130	51	12.602	7.169	-2.145	-0.532
3130	52	1.077	12.747	0.764	-0.077
3140	46	2.821	10.208	-1.673	0.256
3140	47	3.329	10.937	-1.634	0.171
3140	48	3.704	11.650	-1.578	0.256
3140	49	13.555	8.371	0.568	-0.286
3140	50	3.416	8.619	0.492	-0.154
3140	51	11.744	6.956	-1.752	-0.042
3140	52	1.382	12.716	0.763	-0.077
3150	46	2.152	10.310	-1.644	0.301
3150	47	2.675	11.005	-1.559	0.221
3150	48	3.073	11.752	-1.589	0.249
3150	49	13.782	8.257	-0.384	-0.177
3150	50	3.613	8.558	0.492	-0.154
3150	51	11.043	6.939	-1.517	0.176
3150	52	1.688	12.685	0.630	-0.110
3160	46	1.494	10.430	-1.578	0.405
3160	47	2.052	11.093	-1.559	0.221
3160	48	2.437	11.852	-1.605	0.239
3160	49	13.629	8.186	-0.622	-0.149
3160	50	3.809	8.496	0.124	-0.021
3160	51	10.437	7.010	-0.033	0.331
3160	52	1.940	12.641	0.540	-0.133
3170	46	0.863	10.592	-1.578	0.405
3170	47	1.428	11.182	-1.495	0.225
3170	48	1.795	11.947	-1.594	0.273
3170	49	13.380	8.126	-0.622	-0.149
3170	50	3.859	8.488	0.124	-0.021
3170	51	10.423	7.142	0.132	0.348
3170	52	2.156	12.588	0.541	-0.132
3180	46	0.232	10.754	-1.578	0.405
3180	47	0.830	11.272	-1.453	0.227
3180	48	1.158	12.057	-1.578	0.326
3180	49	13.131	8.067	-0.622	-0.149
3180	50	3.909	8.479	0.124	-0.021
3180	51	10.476	7.281	0.814	0.564
3180	52	2.372	12.535	0.541	-0.132
3190	47	0.249	11.363	-1.453	0.227
3190	48	0.526	12.187	-1.578	0.325
3190	49	12.882	8.007	-0.622	-0.149
3190	50	3.958	8.471	0.124	-0.021
3190	51	10.802	7.507	1.566	0.453
3190	52	2.589	12.482	0.374	-0.270
3200	50	4.007	8.463	0.124	-0.021
3200	51	11.428	7.688	1.842	-0.858
3200	52	2.738	12.374	0.373	-0.269
3200	53	14.702	9.063	-1.641	-0.035
3210	50	4.057	8.454	0.124	-0.021
3210	51	12.165	7.345	1.419	-0.412
3210	52	2.887	12.266	0.374	-0.270
3210	53	14.045	9.050	-1.755	0.268
3220	50	4.107	8.446	0.124	-0.021
3220	51	12.733	7.180	1.137	-0.116
3220	52	3.037	12.159	0.333	-0.396
3220	53	13.343	9.157	-1.804	0.397
3230	50	4.156	8.437	0.124	-0.021
3230	51	13.187	7.134	1.137	-0.115
3230	52	3.170	12.000	0.329	-0.410
3230	53	12.622	9.316	-1.668	0.486
3240	50	4.206	8.429	0.483	-0.122
3240	51	13.642	7.087	0.807	0.184
3240	52	3.302	11.836	0.329	-0.410
3240	53	11.954	9.510	-1.578	0.545
3250	50	4.399	8.380	0.842	-0.221
3250	51	13.965	7.161	0.477	0.485
3250	52	3.433	11.672	0.267	-0.445
3250	53	11.323	9.728	-1.585	0.546
3260	50	4.735	8.292	0.842	-0.222
3260	51	14.156	7.355	0.477	0.484
3260	52	3.540	11.494	0.240	-0.460
3260	53	10.689	9.946	-1.600	0.549
3270	50	5.072	8.203	0.842	-0.221
3270	51	14.347	7.549	0.477	0.485
3270	52	3.636	11.310	0.240	-0.461
3270	53	10.049	10.166	-1.600	0.549
3280	50	5.409	8.114	1.082	-0.298
3280	52	3.732	11.126	0.258	-0.461
3280	53	9.409	10.386	-1.656	0.587
3290	50	5.842	7.995	1.081	-0.298
3290	52	3.836	10.941	0.329	-0.466
3290	53	8.747	10.620	-1.670	0.597
3300	50	6.274	7.876	1.082	-0.298
3300	52	3.967	10.755	0.329	-0.467
3300	53	8.079	10.859	-1.657	0.547
3310	50	6.707	7.756	1.204	-0.298
3310	52	4.099	10.568	0.329	-0.466
3310	53	7.416	11.078	-1.644	0.497
3320	50	7.189	7.637	1.388	-0.298
3320	52	4.230	10.382	0.462	-0.398
3320	53	6.758	11.277	-1.647	0.484
3330	50	7.744	7.518	1.389	-0.298
3330	52	4.415	10.223	0.462	-0.397
3330	53	6.100	11.470	-1.672	0.362
3340	50	8.299	7.398	1.389	-0.298
3340	52	4.600	10.064	0.462	-0.398
3340	53	5.431	11.615	-1.673	0.362
3350	50	8.855	7.279	1.343	-0.453
3350	52	4.785	9.904	0.496	-0.439
3350	53	4.762	11.760	-1.650	0.383
3360	50	9.392	7.098	1.331	-0.491
3360	52	4.984	9.729	0.511	-0.456
3360	53	4.102	11.913	-1.597	0.432
3370	50	9.924	6.902	1.331	-0.492
3370	52	5.188	9.546	0.511	-0.456
3370	53	3.463	12.086	-1.596	0.433
3380	50	10.456	6.705	1.386	-0.394
3380	52	5.392	9.364	0.537	-0.388
3380	53	2.825	12.259	-1.574	0.420
3390	50	11.011	6.547	1.470	-0.246
3390	52	5.607	9.208	0.598	-0.230
3390	53	2.195	12.427	-1.539	0.403
3400	50	11.599	6.449	1.470	-0.247
3400	52	5.846	9.116	0.598	-0.231
3400	53	1.580	12.588	-1.539	0.403
3410	50	12.187	6.350	1.393	-0.165
3410	52	6.085	9.024	0.598	-0.230
3410	53	0.964	12.749	-1.539	0.403
3420	50	12.744	6.284	1.315	-0.084
3420	52	6.324	8.932	0.598	-0.230
3420	53	0.348	12.910	-1.539	0.403
3430	50	13.270	6.251	1.315	-0.084
3430	52	6.564	8.840	0.729	-0.197
3440	50	13.796	6.217	1.315	-0.084
3440	52	6.855	8.761	0.742	-0.193
3450	50	14.322	6.184	1.315	-0.084
3450	52	7.152	8.684	0.743	-0.193
3460	50	14.848	6.150	1.315	-0.084
3460	52	7.449	8.607	0.821	-0.001
3460	54	-0.162	11.055	2.224	-0.244
3470	52	7.778	8.606	0.900	0.193
3470	54	0.728	10.958	2.224	-0.244
3480	52	8.138	8.683	0.899	0.192
3480	54	1.618	10.860	2.201	-0.195
3490	52	8.497	8.760	0.887	0.172
3490	54	2.498	10.782	2.177	-0.144
3500	52	8.852	8.829	0.867	0.140
3500	54	3.369	10.725	2.177	-0.144
3510	52	9.199	8.885	0.867	0.141
3510	54	4.240	10.667	2.094	-0.125
3520	52	9.545	8.941	0.867	0.140
3520	54	5.077	10.617	2.039	-0.112
3520	55	0.132	11.040	1.710	-0.255
3530	52	9.892	8.997	0.984	-0.077
3530	54	5.893	10.573	2.039	-0.112
3530	55	0.816	10.938	1.710	-0.256
3540	52	10.286	8.967	0.984	-0.077
3540	54	6.709	10.528	2.010	-0.200
3540	55	1.500	10.835	1.704	-0.233
3550	52	10.679	8.936	0.984	-0.077
3550	54	7.513	10.448	1.968	-0.332
3550	55	2.181	10.742	1.690	-0.181
3560	52	11.073	8.905	1.090	-0.075
3560	54	8.300	10.315	1.968	-0.331
3560	55	2.857	10.670	1.690	-0.181
3570	52	11.509	8.875	1.102	-0.075
3570	54	9.087	10.183	1.972	-0.368
3570	55	3.533	10.597	1.690	-0.181
3580	52	11.950	8.845	1.102	-0.075
3580	54	9.876	10.036	1.973	-0.384
3580	55	4.209	10.525	1.697	-0.212
3590	52	12.391	8.816	1.067	-0.184
3590	54	10.665	9.882	1.973	-0.384
3590	55	4.888	10.440	1.697	-0.212
3600	52	12.817	8.742	1.052	-0.231
3600	54	11.455	9.729	1.947	-0.132
3600	55	5.567	10.355	1.697	-0.212
3610	52	13.238	8.650	1.052	-0.231
3610	54	12.233	9.676	1.945	-0.103
3610	55	6.246	10.271	1.591	-0.171
3610	56	11.045	8.443	-0.098	0.447
3620	52	13.659	8.557	1.131	-0.208
3620	54	13.011	9.635	1.986	-0.229
3620	55	6.882	10.202	1.578	-0.167
3620	56	11.006	8.622	-0.099	0.447
3630	52	14.112	8.474	1.184	-0.192
3630	54	13.806	9.543	2.013	-0.311
3630	55	7.514	10.135	1.528	-0.119
3630	56	10.966	8.801	-0.098	0.447
3640	52	14.585	8.397	1.184	-0.192
3640	54	14.611	9.419	2.013	-0.311
3640	55	8.125	10.088	1.452	-0.048
3640	56	10.927	8.980	-0.010	0.458
3650	55	8.706	10.069	1.452	-0.048
3650	56	10.923	9.163	0.000	0.459
3660	55	9.287	10.049	1.384	-0.108
3660	56	10.923	9.346	-0.041	0.259
3670	55	9.840	10.006	1.376	-0.115
3670	56	10.907	9.450	-0.137	-0.208
3680	55	10.390	9.960	1.393	-0.204
3680	56	10.852	9.367	-0.137	-0.208
3690	55	10.948	9.879	1.433	-0.412
3690	56	10.797	9.284	-0.253	-0.354
3690	57	15.256	9.700	-1.379	0.308
3700	55	11.521	9.714	1.434	-0.411
3700	56	10.696	9.142	-0.254	-0.353
3700	57	14.704	9.824	-1.379	0.308
3710	55	12.095	9.550	1.482	-0.455
3710	56	10.594	9.001	-0.253	-0.354
3710	57	14.153	9.947	-1.379	0.309
3720	55	12.687	9.368	1.555	-0.518
3720	57	13.601	10.071	-1.394	0.285
3730	55	13.310	9.160	1.558	-0.494
3730	57	13.044	10.185	-1.397	0.280
3740	55	13.933	8.963	1.578	-0.271
3740	57	12.485	10.297	-1.397	0.280
3750	55	14.564	8.854	1.578	-0.271
3750	57	11.926	10.409	-1.416	0.326
3760	57	11.359	10.539	-1.428	0.358
3770	57	10.788	10.682	-1.428	0.358
3780	57	10.217	10.826	-1.437	0.353
3790	57	9.642	10.967	-1.522	0.307
3800	57	9.033	11.089	-1.522	0.306
3810	57	8.424	11.212	-1.522	0.307
3820	57	7.816	11.334	-1.522	0.306
3840	58	14.657	9.516	-1.917	0.405
3840	59	3.296	12.521	2.185	-0.505
3850	58	13.891	9.678	-1.917	0.405
3850	59	4.170	12.318	2.186	-0.505
3860	58	13.124	9.840	-1.747	0.239
3860	59	5.045	12.117	2.137	-0.543
3870	58	12.425	9.935	-1.635	0.128
3870	59	5.899	11.899	2.124	-0.552
3880	58	11.771	9.986	-1.635	0.128
3880	59	6.749	11.678	2.134	-0.548
3890	58	11.117	10.037	-1.703	0.063
3890	59	7.603	11.459	2.226	-0.505
3900	58	10.436	10.062	-1.721	0.045
3900	59	8.493	11.257	2.226	-0.505
3910	58	9.748	10.081	-1.732	0.098
3910	59	9.384	11.055	2.144	-0.694
3920	58	9.055	10.120	-1.778	0.309
3920	59	10.241	10.778	2.063	-0.883
3930	58	8.344	10.244	-1.778	0.308
3930	59	11.066	10.425	2.063	-0.883
3940	58	7.633	10.367	-1.797	0.365
3940	59	11.891	10.071	2.228	-1.229
3950	58	6.914	10.513	-1.842	0.497
3950	59	12.783	9.580	2.229	-1.229
3970	60	14.764	8.080	-1.909	0.530
3980	60	14.000	8.292	-1.910	0.530
3990	60	13.236	8.504	-1.706	0.754
3990	62	3.379	7.155	0.774	0.702
4000	60	12.553	8.806	-1.619	0.849
4000	61	8.149	10.246	0.842	-0.263
4000	62	3.688	7.436	0.773	0.702
4010	60	11.906	9.145	-1.625	0.879
4010	61	8.486	10.141	0.842	-0.263
4010	62	3.998	7.717	0.774	0.702
4020	60	11.256	9.497	-1.684	1.146
4020	61	8.823	10.036	0.903	-0.264
4020	62	4.307	7.998	1.073	0.701
4020	63	14.842	10.396	-1.452	0.310
4030	60	10.582	9.955	-1.684	1.146
4030	61	9.184	9.930	1.148	-0.271
4030	62	4.736	8.278	1.373	0.700
4030	63	14.261	10.520	-1.452	0.310
4040	60	9.909	10.413	-1.706	0.899
4040	61	9.643	9.822	1.148	-0.271
4040	62	5.285	8.559	1.360	0.680
4040	63	13.680	10.644	-1.389	0.382
4050	60	9.226	10.773	-1.720	0.734
4050	61	10.102	9.713	1.115	-0.358
4050	62	5.829	8.830	1.306	0.597
4050	63	13.125	10.797	-1.389	0.382
4060	60	8.538	11.066	-1.720	0.734
4060	61	10.549	9.570	1.115	-0.358
4060	62	6.352	9.069	1.306	0.597
4060	63	12.569	10.950	-1.389	0.251
4070	60	7.850	11.360	-1.823	0.362
4070	61	10.995	9.427	0.924	-0.503
4070	62	6.874	9.308	1.289	0.589
4070	63	12.013	11.050	-1.389	0.119
4080	60	7.121	11.505	-1.823	0.362
4080	61	11.364	9.226	0.732	-0.649
4080	62	7.390	9.544	1.250	0.572
4080	63	11.458	11.098	-1.389	0.119
4090	60	6.392	11.650	-1.842	0.354
4090	61	11.657	8.966	0.716	-0.643
4090	62	7.890	9.772	1.250	0.572
4090	63	10.902	11.145	-1.518	0.184
4100	60	5.655	11.791	-1.916	0.320
4100	61	11.943	8.709	0.649	-0.616
4100	62	8.390	10.001	1.031	0.898
4100	63	10.295	11.219	-1.517	0.183
4110	60	4.889	11.919	-1.917	0.320
4110	61	12.203	8.463	0.649	-0.616
4110	62	8.802	10.360	1.007	0.934
4110	63	9.688	11.292	-1.428	0.230
4120	60	4.122	12.047	-1.887	0.362
4120	61	12.462	8.216	0.528	-0.618
4120	62	9.205	10.733	0.919	0.585
4120	63	9.117	11.384	-1.294	0.298
4130	60	3.367	12.192	-1.842	0.426
4130	61	12.674	7.969	0.044	-0.622
4130	62	9.572	10.968	0.861	0.352
4130	63	8.599	11.503	-1.293	0.298
4140	60	2.631	12.363	-1.842	0.426
4140	61	12.691	7.721	0.044	-0.622
4140	62	9.917	11.108	0.894	0.103
4140	63	8.082	11.623	-1.368	0.298
4150	60	1.894	12.533	-1.747	0.486
4150	61	12.709	7.472	-0.428	-0.106
4150	62	10.274	11.149	0.942	-0.274
4150	63	7.535	11.742	-1.368	0.298
4160	60	1.195	12.727	-1.684	0.525
4160	61	12.537	7.430	-0.546	0.023
4160	62	10.651	11.040	0.943	-0.273
4160	63	6.987	11.861	-1.368	0.298
4170	60	0.522	12.937	-1.684	0.525
4170	61	12.319	7.439	-0.547	0.023
4170	62	11.028	10.931	0.389	-0.830
4170	63	6.440	11.981	-1.305	0.221
4180	62	11.184	10.599	0.389	-0.831
4180	63	5.918	12.069	-1.306	0.221
4190	62	11.339	10.266	-0.083	-0.666
4190	63	5.396	12.158	-1.305	0.221
4200	62	11.306	10.000	-0.285	-0.597
4210	62	11.192	9.761	-0.285	-0.597
4220	64	2.294	11.340	1.578	-0.501
4220	65	6.877	9.056	-0.335	1.329
4230	64	2.925	11.140	1.578	-0.501
4230	65	6.742	9.588	-0.335	1.329
4240	64	3.557	10.939	1.558	-0.581
4240	65	6.609	10.119	-0.478	1.410
4250	64	4.180	10.707	1.546	-0.634
4250	65	6.417	10.683	-0.478	1.410
4260	64	4.799	10.453	1.545	-0.634
4260	65	6.226	11.247	-0.454	1.095
4270	64	5.417	10.200	1.536	-0.730
4270	65	6.044	11.685	-0.448	1.017
4270	66	11.245	7.967	-1.004	0.362
4280	64	6.031	9.908	1.522	-0.873
4280	65	5.865	12.092	-0.464	0.964
4280	66	10.843	8.112	-1.004	0.362
4280	67	15.224	7.173	-1.936	-0.167
4290	64	6.640	9.558	1.522	-0.873
4290	65	5.680	12.478	-0.598	0.488
4290	66	10.441	8.256	-1.004	0.362
4290	67	14.450	7.106	-1.936	-0.167
4300	64	7.249	9.209	1.592	-0.721
4300	65	5.441	12.673	-0.598	0.488
4300	66	10.039	8.401	-1.396	0.872
4300	67	13.675	7.040	-1.968	-0.117
4310	64	7.886	8.920	1.640	-0.620
4310	65	5.201	12.868	-0.260	-0.447
4310	66	9.481	8.750	-1.396	0.872
4310	67	12.888	6.993	-2.044	0.000
4310	68	10.313	9.618	-1.052	-0.335
4320	64	8.542	8.672	1.639	-0.619
4320	65	5.097	12.689	-0.223	-0.551
4320	66	8.922	9.098	-1.477	0.571
4320	67	12.070	6.993	-2.044	0.000
4320	68	9.892	9.484	-1.210	-0.530
4330	64	9.197	8.425	1.529	0.000
4330	65	5.008	12.469	-0.177	-0.646
4330	66	8.331	9.327	-1.600	0.119
4330	67	11.253	6.993	-1.964	0.174
4330	68	9.408	9.272	-1.447	-0.820
4340	64	9.809	8.425	1.530	0.000
4340	65	4.937	12.211	-0.072	-0.868
4340	66	7.691	9.375	-1.600	0.119
4340	67	10.467	7.062	-1.929	0.248
4340	68	8.829	8.944	-1.421	-0.612
4350	64	10.421	8.425	1.529	0.000
4350	65	4.909	11.864	-0.085	-0.875
4350	66	7.051	9.422	-1.508	-0.195
4350	67	9.695	7.162	-1.842	0.327
4350	68	8.261	8.699	-1.407	-0.552
4360	64	11.032	8.425	1.656	0.179
4360	65	4.875	11.514	-0.206	-0.934
4360	66	6.448	9.344	-1.497	-0.230
4360	67	8.959	7.292	-1.637	0.508
4360	68	7.698	8.478	-1.381	-0.522
4370	64	11.695	8.496	1.688	0.224
4370	65	4.792	11.140	-0.206	-0.934
4370	66	5.849	9.253	-1.443	-0.243
4370	67	8.304	7.496	-1.637	0.508
4370	68	7.145	8.270	-1.342	-0.507
4380	64	12.370	8.586	1.706	0.036
4380	65	4.710	10.767	-0.260	-0.569
4380	66	5.272	9.155	-1.315	-0.276
4380	67	7.649	7.699	-1.614	0.589
4380	68	6.609	8.067	-1.315	-0.497
4390	64	13.053	8.600	1.733	-0.245
4390	65	4.606	10.539	-0.274	-0.477
4390	66	4.746	9.045	-1.315	-0.276
4390	67	7.004	7.934	-1.599	0.643
4390	68	6.082	7.868	-1.260	-0.477
4400	64	13.746	8.502	1.733	-0.246
4400	65	4.496	10.348	-0.274	-0.477
4400	66	4.220	8.935	-1.160	-0.356
4400	67	6.364	8.192	-1.598	0.643
4400	68	5.578	7.677	-1.246	-0.471
4410	64	14.439	8.404	1.733	-0.246
4410	66	3.756	8.793	-1.093	-0.390
4410	67	5.725	8.449	-1.852	0.597
4410	68	5.080	7.489	-1.471	-0.189
4420	66	3.319	8.637	-1.105	-0.360
4420	67	4.984	8.687	-1.852	0.597
4420	68	4.492	7.413	-1.495	-0.157
4430	66	2.877	8.492	-1.221	-0.095
4430	67	4.243	8.926	-1.827	0.562
4430	68	3.894	7.351	-1.425	-0.149
4440	66	2.388	8.454	-1.221	-0.095
4440	67	3.512	9.151	-1.801	0.528
4440	68	3.324	7.291	-1.425	-0.149
4450	66	1.900	8.416	-0.922	0.163
4450	67	2.792	9.362	-1.801	0.528
4450	68	2.754	7.231	-1.472	-0.281
4460	66	1.531	8.481	-0.723	0.335
4460	67	2.071	9.573	-1.664	0.804
4460	68	2.165	7.119	-1.503	-0.369
4470	66	1.242	8.616	-0.723	0.336
4470	67	1.406	9.895	-1.648	0.835
4470	68	1.564	6.971	-1.443	-0.695
4480	66	0.952	8.750	-0.723	0.335
4480	67	0.747	10.229	-1.649	0.835
4480	68	0.986	6.693	-1.381	-1.020
4490	68	0.434	6.286	-1.381	-1.019
4510	69	9.428	13.047	-0.135	-0.643
4510	70	10.198	13.383	0.073	-0.782
4520	69	9.374	12.790	-0.135	-0.643
4520	70	10.227	13.070	0.073	-0.782
4530	69	9.320	12.533	-0.135	-0.643
4530	70	10.256	12.758	0.029	-0.743
4530	72	7.182	7.594	-0.485	0.832
4540	69	9.266	12.276	-0.067	-0.719
4540	70	10.268	12.460	-0.013	-0.703
4540	72	6.988	7.927	-0.485	0.832
4550	69	9.239	11.989	0.000	-0.795
4550	70	10.263	12.179	-0.014	-0.704
4550	72	6.794	8.260	-0.485	0.832
4560	69	9.239	11.670	0.000	-0.795
4560	70	10.257	11.897	-0.014	-0.703
4560	71	14.970	8.596	-2.481	0.114
4560	72	6.600	8.592	-0.711	0.863
4570	69	9.239	11.352	0.015	-0.789
4570	70	10.252	11.616	0.052	-0.780
4570	71	13.978	8.642	-2.480	0.113
4570	72	6.316	8.938	-0.937	0.895
4580	69	9.245	11.037	0.073	-0.761
4580	70	10.273	11.304	0.096	-0.832
4580	71	12.986	8.687	-2.391	0.244
4580	72	5.941	9.296	-0.937	0.895
4590	69	9.274	10.732	0.072	-0.761
4590	70	10.311	10.971	0.096	-0.832
4590	71	12.029	8.785	-2.392	0.244
4590	72	5.566	9.654	-1.020	0.833
4600	69	9.303	10.428	0.051	-0.766
4600	70	10.349	10.638	0.114	-0.854
4600	71	11.072	8.882	-2.330	0.264
4600	72	5.158	9.987	-1.214	0.689
4600	73	0.170	9.853	1.619	-0.092
4610	69	9.324	10.122	0.000	-0.776
4610	70	10.395	10.297	0.156	-0.906
4610	71	10.140	8.988	-2.315	0.268
4610	72	4.672	10.262	-1.214	0.689
4610	73	0.818	9.816	1.619	-0.092
4610	74	0.449	10.200	1.823	-0.192
4620	69	9.324	9.811	-0.051	-0.831
4620	70	10.457	9.934	0.156	-0.906
4620	71	9.214	9.095	-2.300	0.531
4620	72	4.187	10.538	-1.285	0.576
4620	73	1.465	9.780	1.585	-0.135
4620	74	1.178	10.123	1.823	-0.192
4630	69	9.303	9.479	-0.169	-0.959
4630	70	10.519	9.572	-0.003	-0.794
4630	71	8.294	9.308	-2.296	0.597
4630	72	3.673	10.768	-1.315	0.528
4630	73	2.099	9.725	1.552	-0.179
4630	74	1.907	10.047	1.716	-0.112
4640	69	9.236	9.096	-0.169	-0.959
4640	70	10.518	9.254	-0.109	-0.720
4640	71	7.376	9.546	-2.121	0.784
4640	72	3.146	10.979	-1.314	0.506
4640	73	2.720	9.654	1.553	-0.239
4640	74	2.593	10.002	1.670	-0.078
4640	75	-0.100	11.481	1.416	-0.459
4650	69	9.168	8.712	-0.112	-0.953
4650	70	10.475	8.966	-0.109	-0.720
4650	71	6.527	9.860	-2.004	0.909
4650	72	2.621	11.182	-1.305	0.310
4650	73	3.342	9.558	1.555	-0.298
4650	74	3.261	9.971	1.643	-0.126
4650	75	0.466	11.298	1.417	-0.459
4660	69	9.123	8.331	-0.054	-0.946
4660	70	10.431	8.678	0.066	-0.856
4660	71	5.726	10.224	-2.011	0.836
4660	72	2.099	11.306	-1.305	0.310
4660	73	3.963	9.439	1.549	-0.302
4660	74	3.919	9.920	1.604	-0.199
4660	75	1.033	11.114	1.416	-0.459
4670	69	9.102	7.952	-0.055	-0.947
4670	70	10.457	8.336	0.140	-0.915
4670	71	4.921	10.558	-2.017	0.763
4670	72	1.577	11.430	-1.127	0.243
4670	73	4.583	9.318	1.536	-0.310
4670	74	4.560	9.841	1.635	-0.196
4670	75	1.600	10.931	1.440	0.189
4680	69	9.080	7.574	0.001	-0.953
4680	70	10.513	7.970	0.140	-0.915
4680	71	4.115	10.863	-1.883	0.916
4680	72	1.126	11.527	-1.009	0.199
4680	73	5.198	9.194	1.536	-0.310
4680	74	5.214	9.762	1.710	-0.192
4680	75	2.176	11.006	1.473	0.103
4680	76	0.328	7.055	1.428	0.788
4690	69	9.080	7.192	0.037	-0.959
4690	70	10.570	7.604	0.220	-1.038
4690	71	3.361	11.230	-1.826	0.983
4690	72	0.723	11.607	-1.008	0.199
4690	73	5.812	9.070	1.503	-0.291
4690	74	5.898	9.685	1.710	-0.192
4690	75	2.765	11.047	1.732	-0.470
4690	76	0.899	7.370	1.429	0.789
4690	77	-0.015	9.260	1.497	-0.597
4700	69	9.095	6.809	0.038	-0.959
4700	70	10.658	7.189	0.254	-1.091
4700	71	2.631	11.623	-1.736	0.805
4700	72	0.319	11.686	-1.009	0.199
4700	73	6.413	8.954	1.494	-0.286
4700	74	6.582	9.609	1.674	-0.284
4700	75	3.458	10.859	1.628	0.000
4700	76	1.470	7.686	1.148	1.072
4700	77	0.584	9.021	1.394	-0.814
4710	69	9.110	6.425	0.092	-1.070
4710	70	10.759	6.752	0.254	-1.090
4710	71	1.936	11.945	-1.736	0.805
4710	73	7.011	8.839	1.570	-0.294
4710	74	7.252	9.495	1.637	-0.375
4710	75	4.109	10.859	1.664	-0.011
4710	76	1.929	8.114	1.027	1.193
4710	77	1.142	8.696	1.294	-1.016
4720	69	9.147	5.997	0.105	-1.098
4720	70	10.861	6.316	0.145	-1.120
4720	71	1.242	12.267	-1.940	0.671
4720	73	7.639	8.722	1.747	-0.310
4720	74	7.907	9.345	1.637	-0.376
4720	75	4.775	10.854	1.804	-0.057
4720	76	2.340	8.592	0.819	1.178
4720	77	1.660	8.289	1.298	-0.994
4730	69	9.189	5.558	0.093	-1.051
4730	70	10.919	5.868	0.117	-1.127
4730	71	0.466	12.536	-1.940	0.671
4730	73	8.338	8.597	1.747	-0.310
4730	74	8.561	9.195	1.653	-0.358
4730	75	5.496	10.832	1.786	-0.081
4730	76	2.668	9.063	0.680	1.168
4730	77	2.179	7.892	1.524	-0.875
4740	69	9.226	5.138	0.064	-0.940
4740	70	10.965	5.418	-0.341	-0.952
4740	73	9.037	8.473	1.612	-0.244
4740	74	9.222	9.051	1.656	-0.354
4740	75	6.210	10.799	1.623	-0.298
4740	76	2.940	9.530	0.754	1.091
4740	77	2.789	7.542	1.558	-0.832
4750	69	9.252	4.762	0.064	-0.940
4750	70	10.829	5.037	-0.341	-0.951
4750	73	9.681	8.376	1.578	-0.227
4750	74	9.885	8.910	1.654	-0.335
4750	75	6.859	10.680	1.622	-0.298
4750	76	3.241	9.967	1.052	0.778
4750	77	3.412	7.209	1.637	-0.564
4760	69	9.277	4.386	0.064	-0.940
4760	70	10.692	4.656	-0.341	-0.952
4760	73	10.313	8.285	1.642	-0.197
4760	74	10.546	8.776	1.633	-0.164
4760	75	7.508	10.561	1.424	-0.697
4760	76	3.662	10.278	1.052	0.779
4760	77	4.067	6.983	1.730	-0.538
4770	69	9.303	4.009	-0.324	-1.033
4770	70	10.556	4.276	-0.293	-0.999
4770	73	10.970	8.206	1.669	-0.186
4770	74	11.200	8.710	1.633	-0.165
4770	75	8.078	10.282	1.339	-0.868
4770	76	4.083	10.589	1.111	0.391
4770	77	4.759	6.768	1.947	-0.477
4780	69	9.173	3.596	-0.324	-1.033
4780	70	10.438	3.876	-0.182	-1.111
4780	73	11.637	8.132	1.670	-0.185
4780	74	11.853	8.644	1.606	-0.150
4780	75	8.614	9.935	1.108	-1.097
4780	76	4.528	10.746	1.118	0.348
4780	77	5.537	6.577	1.931	-0.504
4790	69	9.043	3.183	-0.303	-1.079
4790	70	10.366	3.432	-0.182	-1.111
4790	73	12.305	8.058	1.613	-0.202
4790	74	12.495	8.585	1.501	-0.088
4790	75	9.057	9.496	0.635	-1.676
4790	76	4.975	10.885	1.046	0.055
4790	77	6.310	6.376	1.894	-0.567
4800	69	8.922	2.752	-0.273	-1.149
4800	70	10.293	2.987	-0.148	-1.100
4800	73	12.950	7.977	1.598	-0.206
4800	74	13.096	8.549	1.501	-0.088
4800	75	9.311	8.826	0.487	-1.690
4800	76	5.393	10.907	0.973	-0.239
4800	77	7.067	6.149	1.920	-0.471
4810	69	8.813	2.292	-0.273	-1.149
4810	70	10.234	2.547	-0.097	-1.083
4810	73	13.590	7.894	1.568	-0.207
4810	74	13.696	8.514	1.555	-0.097
4810	75	9.506	8.150	0.495	-1.544
4810	76	5.783	10.811	0.550	-0.376
4810	77	7.835	5.961	1.981	-0.245
4820	69	8.704	1.832	-0.288	-1.131
4820	70	10.195	2.114	-0.097	-1.083
4820	73	14.217	7.811	1.447	-0.209
4820	74	14.318	8.475	1.610	-0.106
4820	75	9.704	7.532	0.049	-1.665
4820	76	6.003	10.661	0.127	-0.514
4820	77	8.628	5.863	2.055	-0.345
4830	69	8.589	1.380	-0.294	-1.123
4830	70	10.156	1.681	-0.103	-1.118
4830	73	14.796	7.728	1.447	-0.209
4830	75	9.723	6.866	-0.273	-1.606
4830	76	6.053	10.455	0.127	-0.514
4830	77	9.450	5.725	2.105	-0.410
4840	69	8.471	0.931	-0.294	-1.123
4840	70	10.115	1.234	-0.105	-1.134
4840	75	9.614	6.224	-0.909	-1.437
4840	76	6.104	10.249	-0.202	-0.707
4840	77	10.292	5.561	1.900	-0.265
4850	69	8.354	0.482	-0.294	-1.123
4850	70	10.073	0.780	-0.105	-1.134
4850	75	9.251	5.649	-0.926	-1.413
4850	76	6.024	9.966	-0.421	-0.835
4850	77	11.052	5.455	1.915	-0.254
4860	75	8.881	5.083	-1.079	-1.193
4860	76	5.855	9.632	-0.421	-0.835
4860	77	11.818	5.353	1.973	-0.209
4870	75	8.449	4.606	-1.079	-1.193
4870	77	12.607	5.270	1.973	-0.209
4890	78	3.543	8.795	-1.339	-0.298
4890	81	6.312	3.979	-0.550	1.410
4900	78	3.008	8.675	-1.339	-0.349
4900	81	6.092	4.543	-0.550	1.410
4910	78	2.472	8.536	-1.331	-0.807
4910	79	0.084	8.329	1.135	0.000
4910	80	-0.039	8.821	1.278	0.113
4910	81	5.872	5.107	-0.234	1.503
4920	78	1.940	8.213	-1.430	-0.544
4920	79	0.538	8.329	1.154	-0.011
4920	80	0.472	8.867	1.278	0.114
4920	81	5.779	5.709	-0.234	1.502
4930	78	1.368	7.995	-1.578	-0.149
4930	79	1.000	8.325	1.325	-0.110
4930	80	0.983	8.912	1.282	0.084
4930	81	5.685	6.309	-0.364	1.424
4940	78	0.737	7.935	-1.578	-0.149
4940	79	1.530	8.281	1.325	-0.110
4940	80	1.496	8.946	1.284	0.072
4940	81	5.539	6.879	-0.668	1.239
4950	79	2.060	8.236	1.304	-0.146
4950	80	2.010	8.975	1.283	-0.002
4950	81	5.272	7.375	-0.668	1.239
4960	79	2.582	8.178	1.271	-0.199
4960	80	2.523	8.974	1.278	-0.298
4960	81	5.005	7.870	-0.845	1.332
4960	82	14.943	9.930	-1.578	0.323
4960	83	15.153	8.933	-1.578	0.213
4970	79	3.090	8.098	1.272	-0.199
4970	80	3.034	8.854	1.278	-0.298
4970	81	4.667	8.403	-0.921	1.372
4970	82	14.312	10.060	-1.578	0.324
4970	83	14.522	9.018	-1.578	0.213
4980	79	3.599	8.019	1.391	-0.362
4980	80	3.545	8.735	1.188	-0.338
4980	81	4.299	8.952	-0.911	0.876
4980	82	13.680	10.189	-1.578	0.324
4980	83	13.891	9.103	-1.578	0.213
4990	79	4.155	7.874	1.391	-0.362
4990	80	4.020	8.600	1.093	-0.404
4990	81	3.934	9.302	-0.906	0.663
4990	82	13.049	10.319	-1.500	0.291
4990	83	13.259	9.188	-1.654	0.277
5000	79	4.711	7.729	1.396	-0.345
5000	80	4.457	8.438	1.257	-0.431
5000	81	3.572	9.568	-1.173	0.565
5000	82	12.449	10.435	-1.466	0.277
5000	83	12.598	9.299	-1.654	0.277
5010	79	5.270	7.591	1.421	-0.279
5010	80	4.960	8.266	1.397	-0.351
5010	81	3.103	9.794	-1.315	0.462
5010	82	11.863	10.546	-1.465	0.277
5010	83	11.936	9.410	-1.635	0.328
5010	84	0.180	11.602	1.864	-0.522
5020	79	5.838	7.480	1.421	-0.279
5020	80	5.519	8.125	1.608	-0.232
5020	81	2.577	9.978	-1.428	0.369
5020	82	11.277	10.657	-1.550	0.266
5020	83	11.282	9.541	-1.561	0.535
5020	84	0.925	11.393	1.863	-0.522
5030	79	6.407	7.368	1.417	-0.298
5030	80	6.162	8.032	1.393	-0.108
5030	81	2.006	10.126	-1.411	0.237
5030	82	10.656	10.764	-1.559	0.265
5030	83	10.658	9.755	-1.560	0.535
5030	84	1.670	11.184	1.835	-0.589
5040	79	6.973	7.249	1.403	-0.376
5040	80	6.719	7.989	1.250	-0.025
5040	81	1.441	10.221	-1.386	0.039
5040	82	10.033	10.870	-1.567	0.294
5040	83	10.034	9.969	-1.583	0.507
5040	84	2.405	10.949	1.823	-0.618
5050	79	7.535	7.099	1.403	-0.375
5050	80	7.219	7.979	1.282	-0.079
5050	81	0.887	10.237	-1.385	0.040
5050	82	9.406	10.987	-1.603	0.407
5050	83	9.401	10.172	-1.637	0.442
5050	84	3.134	10.701	1.823	-0.618
5060	79	8.096	6.949	1.389	-0.265
5060	80	7.732	7.947	1.409	-0.298
5060	81	0.333	10.253	-1.385	0.040
5060	82	8.765	11.150	-1.602	0.407
5060	83	8.746	10.349	-1.637	0.442
5060	84	3.863	10.454	1.864	-0.636
5070	79	8.651	6.843	1.375	-0.154
5070	80	8.295	7.828	1.410	-0.298
5070	82	8.124	11.312	-1.695	0.332
5070	83	8.091	10.526	-1.570	0.308
5070	84	4.609	10.200	1.868	-0.638
5080	79	9.201	6.781	1.375	-0.154
5080	80	8.859	7.709	1.389	-0.225
5080	82	7.446	11.445	-1.695	0.331
5080	83	7.463	10.649	-1.526	0.219
5080	84	5.356	9.945	1.869	-0.638
5080	85	-0.155	10.525	1.469	-0.398
5090	79	9.751	6.719	1.384	-0.150
5090	80	9.415	7.619	1.358	-0.116
5090	82	6.768	11.578	-1.673	0.322
5090	83	6.853	10.737	-1.526	0.218
5090	84	6.103	9.690	1.999	-0.191
5090	85	0.432	10.366	1.469	-0.397
5100	79	10.305	6.659	1.397	-0.144
5100	80	9.958	7.572	1.358	-0.116
5100	82	6.099	11.706	-1.619	0.298
5100	83	6.242	10.824	-1.594	0.322
5100	84	6.903	9.613	1.999	-0.191
5100	85	1.020	10.207	1.441	-0.416
5110	79	10.864	6.602	1.397	-0.144
5110	80	10.501	7.526	1.363	-0.109
5110	82	5.451	11.826	-1.619	0.298
5110	83	5.605	10.953	-1.640	0.390
5110	84	7.703	9.537	1.984	-0.184
5110	85	1.596	10.040	1.376	-0.459
5120	79	11.422	6.544	1.430	-0.183
5120	80	11.046	7.482	1.375	-0.097
5120	82	4.803	11.945	-1.654	0.205
5120	83	4.949	11.109	-1.639	0.390
5120	84	8.496	9.463	1.968	-0.177
5120	85	2.147	9.857	1.376	-0.459
5130	79	11.994	6.471	1.462	-0.221
5130	80	11.596	7.444	1.375	-0.096
5130	82	4.142	12.027	-1.669	0.165
5130	83	4.293	11.265	-1.617	0.287
5130	84	9.284	9.393	1.968	-0.177
5130	85	2.697	9.673	1.354	-0.571
5130	86	-0.163	8.292	1.779	0.171
5140	79	12.579	6.383	1.461	-0.221
5140	80	12.146	7.405	1.395	-0.123
5140	82	3.474	12.093	-1.670	0.165
5140	83	3.647	11.380	-1.617	0.288
5140	84	10.071	9.322	1.980	-0.163
5140	85	3.239	9.445	1.344	-0.619
5140	86	0.548	8.360	1.779	0.170
5150	79	13.163	6.294	1.501	-0.229
5150	80	12.704	7.356	1.477	-0.230
5150	82	2.806	12.159	-1.503	0.227
5150	83	3.000	11.495	-1.622	0.277
5150	84	10.863	9.256	1.984	-0.161
5150	85	3.777	9.197	1.345	-0.619
5150	86	1.260	8.428	1.902	0.190
5160	79	13.764	6.203	1.511	-0.231
5160	80	13.295	7.264	1.477	-0.229
5160	82	2.205	12.249	-1.462	0.243
5160	83	2.351	11.606	-1.631	0.254
5160	84	11.657	9.192	1.966	-0.131
5160	85	4.315	8.950	1.167	-0.674
5160	86	2.020	8.504	1.954	0.199
5170	79	14.368	6.110	1.511	-0.231
5170	80	13.886	7.173	1.364	-0.235
5170	82	1.621	12.347	-1.470	0.272
5170	83	1.698	11.707	-1.631	0.254
5170	84	12.443	9.139	1.897	-0.016
5170	85	4.781	8.680	1.167	-0.675
5170	86	2.802	8.584	1.966	0.169
5180	80	14.432	7.079	1.289	-0.239
5180	82	1.033	12.455	-1.550	0.530
5180	83	1.046	11.808	-1.631	0.254
5180	84	13.202	9.133	1.897	-0.016
5180	85	5.248	8.410	0.929	-0.958
5180	86	3.588	8.651	1.973	0.149
5190	82	0.413	12.668	-1.549	0.530
5190	83	0.394	11.910	-1.631	0.254
5190	84	13.961	9.127	1.897	-0.016
5190	85	5.619	8.027	0.827	-1.079
5190	86	4.378	8.711	2.009	0.060
5200	84	14.719	9.121	1.897	-0.016
5200	85	5.950	7.595	0.210	-0.995
5200	86	5.181	8.735	2.033	0.000
5210	85	6.034	7.197	-0.200	-0.937
5210	86	5.994	8.735	1.925	-0.056
5220	85	5.954	6.822	-0.200	-0.938
5220	86	6.765	8.713	1.764	-0.140
5230	87	5.098	11.218	1.286	-0.155
5240	87	5.612	11.156	1.286	-0.155
5240	88	14.842	8.292	-1.240	0.171
5240	89	14.810	8.876	-1.084	0.109
5250	87	6.127	11.094	1.286	-0.155
5250	88	14.346	8.360	-1.240	0.170
5250	89	14.377	8.919	-1.084	0.109
5260	87	6.641	11.032	1.268	-0.251
5260	88	13.850	8.428	-1.259	0.298
5260	89	13.943	8.963	-1.132	0.159
5270	87	7.149	10.932	1.266	-0.261
5270	88	13.346	8.547	-1.268	0.353
5270	89	13.490	9.026	-1.323	0.362
5270	90	15.242	7.443	-1.894	0.334
5280	87	7.655	10.828	1.266	-0.261
5280	88	12.839	8.688	-1.215	0.214
5280	89	12.961	9.171	-1.323	0.362
5280	90	14.484	7.577	-1.894	0.334
5290	87	8.161	10.723	1.308	-0.217
5290	88	12.353	8.774	-1.162	0.075
5290	89	12.432	9.316	-1.323	0.362
5290	90	13.727	7.711	-1.863	0.348
5300	87	8.684	10.636	1.325	-0.199
5300	88	11.889	8.804	-1.170	0.100
5300	89	11.902	9.460	-1.150	0.414
5300	90	12.981	7.850	-1.789	0.382
5300	91	2.649	8.875	1.349	0.335
5310	87	9.214	10.557	1.325	-0.199
5310	88	11.421	8.844	-1.242	0.334
5310	89	11.442	9.626	-1.130	0.420
5310	90	12.266	8.003	-1.789	0.382
5310	91	3.189	9.009	1.348	0.336
5320	87	9.745	10.477	1.293	-0.224
5320	88	10.924	8.977	-1.242	0.334
5320	89	10.990	9.794	-1.143	0.382
5320	90	11.550	8.155	-1.718	0.443
5320	91	3.728	9.144	1.349	0.335
5330	87	10.262	10.388	1.294	-0.224
5330	88	10.427	9.111	-1.204	0.377
5330	89	10.533	9.947	-1.194	0.230
5330	90	10.863	8.333	-1.700	0.459
5330	91	4.267	9.278	1.385	0.292
5340	87	10.779	10.298	1.294	-0.323
5340	88	9.946	9.262	-1.179	0.406
5340	89	10.055	10.039	-1.194	0.229
5340	90	10.183	8.517	-1.706	0.407
5340	91	4.821	9.395	1.410	0.263
5350	87	11.297	10.169	1.295	-0.390
5350	88	9.474	9.424	-1.177	0.410
5350	89	9.578	10.130	-1.170	0.271
5350	90	9.501	8.679	-1.729	0.199
5350	91	5.385	9.500	1.434	0.249
5360	87	11.815	10.013	1.295	-0.390
5360	88	9.003	9.588	-1.162	0.447
5360	89	9.110	10.239	-1.154	0.298
5360	90	8.809	8.759	-1.743	0.205
5360	91	5.959	9.599	1.654	0.128
5370	87	12.333	9.857	1.315	-0.482
5370	88	8.539	9.767	-1.162	0.447
5370	89	8.648	10.358	-1.153	0.298
5370	90	8.112	8.841	-1.862	0.263
5370	91	6.621	9.650	1.233	-0.045
5380	87	12.859	9.664	1.315	-0.481
5380	88	8.074	9.946	-1.236	0.058
5380	89	8.187	10.477	-1.210	0.318
5380	90	7.367	8.946	-1.827	0.251
5380	91	7.114	9.632	1.158	-0.101
5390	87	13.386	9.471	1.280	-0.449
5390	88	7.580	9.970	-1.268	-0.109
5390	89	7.703	10.604	-1.210	0.319
5390	90	6.636	9.046	-1.799	0.295
5390	91	7.577	9.592	1.578	-0.030
5400	87	13.898	9.292	1.228	-0.397
5400	88	7.073	9.926	-1.236	-0.016
5400	89	7.219	10.732	-1.210	0.318
5400	90	5.917	9.165	-1.732	0.398
5400	91	8.208	9.580	1.574	-0.062
5410	87	14.389	9.133	1.228	-0.398
5410	88	6.578	9.920	-1.205	0.077
5410	89	6.735	10.859	-1.247	0.066
5410	90	5.224	9.324	-1.732	0.397
5410	91	8.838	9.555	1.554	-0.190
5410	92	0.360	12.524	1.776	-0.249
5410	93	0.511	13.619	1.278	-0.468
5420	87	14.880	8.974	1.228	-0.398
5420	88	6.096	9.951	-1.205	0.077
5420	89	6.236	10.886	-1.248	0.066
5420	90	4.531	9.483	-1.720	0.416
5420	91	9.459	9.479	1.555	-0.190
5420	92	1.071	12.424	1.776	-0.248
5420	93	1.022	13.432	1.278	-0.469
5430	88	5.614	9.981	-1.253	0.128
5430	89	5.737	10.912	-1.236	0.023
5430	90	3.843	9.649	-1.719	0.418
5430	91	10.081	9.403	1.395	-0.363
5430	92	1.781	12.325	1.958	-0.451
5430	93	1.533	13.244	1.202	-0.341
5440	88	5.113	10.033	-1.324	0.206
5440	89	5.243	10.921	-1.210	-0.079
5440	90	3.156	9.816	-1.718	0.418
5440	91	10.639	9.258	1.395	-0.363
5440	92	2.564	12.144	1.977	-0.473
5440	93	2.014	13.107	1.128	-0.213
5450	88	4.583	10.115	-1.324	0.206
5450	89	4.759	10.889	-1.210	-0.080
5450	90	2.468	9.983	-1.645	0.479
5450	91	11.198	9.113	1.306	-0.584
5450	92	3.355	11.955	1.978	-0.473
5450	93	2.465	13.022	1.128	-0.213
5460	88	4.053	10.197	-1.311	0.177
5460	89	4.275	10.857	-1.215	0.019
5460	90	1.810	10.175	-1.637	0.486
5460	91	11.720	8.879	1.268	-0.678
5460	92	4.146	11.766	1.578	-0.490
5460	93	2.916	12.937	1.333	-0.273
5470	88	3.529	10.268	-1.296	0.149
5470	89	3.788	10.865	-1.228	0.249
5470	90	1.155	10.369	-1.625	0.498
5470	91	12.227	8.608	0.897	-0.727
5470	92	4.778	11.570	1.578	-0.490
5470	93	3.450	12.828	1.421	-0.298
5480	88	3.010	10.328	-1.297	0.149
5480	89	3.297	10.965	-1.228	0.248
5480	90	0.505	10.568	-1.578	0.542
5480	91	12.586	8.317	0.526	-0.776
5480	92	5.409	11.374	1.679	-0.563
5480	93	4.018	12.709	1.421	-0.298
5480	94	0.358	11.885	1.578	-0.119
5490	88	2.492	10.388	-1.357	0.132
5490	89	2.806	11.064	-1.361	0.107
5490	91	12.796	8.007	0.036	-0.849
5490	92	6.081	11.149	2.082	-0.856
5490	93	4.586	12.589	1.305	-0.480
5490	94	0.989	11.838	1.578	-0.119
5500	88	1.949	10.441	-1.382	0.125
5500	89	2.262	11.107	-1.376	0.092
5500	91	12.811	7.667	-0.454	-0.922
5500	92	6.913	10.806	2.081	-0.856
5500	93	5.108	12.397	1.256	-0.558
5500	94	1.621	11.790	1.357	-0.126
5510	88	1.396	10.491	-1.383	0.125
5510	89	1.711	11.144	-1.341	0.160
5510	91	12.629	7.299	-0.682	-0.801
5510	92	7.746	10.464	1.894	-0.773
5510	93	5.611	12.174	1.256	-0.558
5510	94	2.163	11.739	1.354	-0.151
5520	88	0.843	10.540	-1.383	0.125
5520	89	1.175	11.208	-1.259	0.319
5520	91	12.356	6.978	-1.213	-0.518
5520	92	8.504	10.154	1.873	-0.764
5520	93	6.113	11.951	1.292	-0.486
5520	94	2.705	11.679	1.326	-0.382
5530	88	0.290	10.590	-1.383	0.125
5530	89	0.671	11.335	-1.259	0.320
5530	91	11.871	6.771	-1.212	-0.519
5530	92	9.253	9.849	1.861	-0.816
5530	93	6.630	11.756	1.315	-0.437
5530	94	3.235	11.526	1.326	-0.382
5540	89	0.168	11.463	-1.259	0.320
5540	91	11.386	6.563	-1.483	-0.244
5540	92	9.997	9.523	1.842	-0.895
5540	93	7.156	11.581	1.315	-0.438
5540	94	3.766	11.374	1.464	-0.355
5550	91	10.793	6.466	-1.483	-0.244
5550	92	10.734	9.165	1.872	-0.897
5550	93	7.682	11.406	1.245	-0.570
5550	94	4.351	11.232	1.555	-0.337
5560	91	10.200	6.368	-1.610	-0.068
5560	92	11.482	8.806	1.990	-0.908
5560	93	8.180	11.178	1.197	-0.659
5560	94	4.973	11.097	1.547	-0.284
5570	91	9.556	6.341	-1.642	-0.024
5570	92	12.278	8.442	1.990	-0.908
5570	93	8.659	10.915	1.198	-0.658
5570	94	5.592	10.983	1.526	-0.159
5580	91	8.899	6.331	-1.612	-0.163
5580	92	13.075	8.079	1.942	-0.649
5580	93	9.138	10.652	1.261	-0.687
5580	94	6.202	10.919	1.526	-0.159
5590	91	8.255	6.266	-1.541	-0.490
5590	92	13.851	7.819	1.936	-0.621
5590	93	9.642	10.377	1.288	-0.699
5590	94	6.813	10.856	1.519	-0.156
5600	91	7.638	6.070	-1.541	-0.490
5600	92	14.626	7.571	1.936	-0.621
5600	93	10.157	10.097	1.288	-0.700
5600	94	7.420	10.793	1.503	-0.149
5610	91	7.022	5.874	-1.284	-0.517
5610	93	10.673	9.817	1.310	-0.736
5610	94	8.022	10.734	1.503	-0.149
5620	91	6.508	5.667	-1.029	-0.542
5620	93	11.197	9.523	1.315	-0.746
5620	94	8.623	10.674	1.494	-0.320
5630	91	6.097	5.450	-1.028	-0.542
5630	93	11.723	9.224	1.315	-0.746
5630	94	9.221	10.546	1.484	-0.490
5640	93	12.249	8.926	1.343	-0.595
5640	94	9.814	10.350	1.485	-0.490
5650	93	12.786	8.688	1.361	-0.493
5650	94	10.408	10.154	1.403	-0.698
5660	93	13.330	8.491	1.361	-0.494
5660	94	10.969	9.875	1.368	-0.788
5660	95	0.031	12.330	1.189	-0.486
5670	93	13.875	8.293	1.312	-0.243
5670	94	11.517	9.560	1.340	-0.736
5670	95	0.507	12.135	1.189	-0.486
5670	96	0.229	11.467	1.284	-0.453
5680	93	14.400	8.196	1.292	-0.135
5680	94	12.053	9.265	1.228	-0.530
5680	95	0.982	11.941	1.191	-0.473
5680	96	0.743	11.286	1.284	-0.453
5690	93	14.916	8.142	1.291	-0.136
5690	94	12.544	9.053	1.228	-0.530
5690	95	1.459	11.752	1.208	-0.354
5690	96	1.256	11.104	1.202	-0.445
5700	94	13.035	8.841	1.338	-0.321
5700	95	1.942	11.610	1.208	-0.353
5700	96	1.737	10.927	1.167	-0.442
5710	94	13.570	8.713	1.447	-0.112
5710	95	2.425	11.469	1.281	-0.357
5710	96	2.204	10.750	1.226	-0.391
5720	94	14.149	8.668	1.447	-0.112
5720	95	2.937	11.326	1.391	-0.362
5720	96	2.694	10.593	1.315	-0.319
5730	94	14.727	8.623	1.447	-0.112
5730	95	3.494	11.181	1.391	-0.362
5730	96	3.220	10.466	1.315	-0.318
5740	95	4.050	11.036	1.363	-0.304
5740	96	3.746	10.339	1.374	-0.323
5750	95	4.595	10.915	1.345	-0.265
5750	96	4.296	10.209	1.462	-0.332
5760	95	5.133	10.809	1.344	-0.266
5760	96	4.880	10.077	1.462	-0.331
5770	95	5.671	10.702	1.254	-0.368
5770	96	5.465	9.944	1.359	-0.348
5780	95	6.172	10.555	1.244	-0.379
5780	96	6.009	9.805	1.315	-0.354
5790	95	6.670	10.403	1.162	-0.502
5790	96	6.535	9.664	1.315	-0.354
5800	95	7.135	10.203	1.128	-0.554
5800	96	7.061	9.522	1.223	-0.420
5810	95	7.586	9.981	1.128	-0.554
5810	96	7.550	9.354	1.130	-0.486
5820	95	8.037	9.760	1.305	-0.413
5820	96	8.002	9.159	1.130	-0.486
5830	95	8.559	9.594	1.325	-0.398
5830	96	8.454	8.965	1.287	-0.555
5840	95	9.089	9.435	1.325	-0.424
5840	96	8.969	8.743	1.326	-0.573
5850	95	9.619	9.265	1.325	-0.530
5850	96	9.500	8.513	1.348	-0.555
5860	95	10.149	9.053	1.325	-0.530
5860	96	10.039	8.291	1.397	-0.514
5870	95	10.679	8.841	1.416	-0.374
5870	96	10.597	8.086	1.397	-0.514
5880	95	11.246	8.692	1.506	-0.217
5880	96	11.156	7.880	1.452	-0.507
5890	95	11.848	8.605	1.491	-0.324
5890	96	11.737	7.677	1.534	-0.498
5900	95	12.444	8.475	1.452	-0.573
5900	96	12.351	7.478	1.535	-0.497
5910	95	13.025	8.246	1.452	-0.573
5910	96	12.965	7.279	1.440	-0.424
5920	95	13.606	8.017	1.343	-0.537
5920	96	13.541	7.109	1.440	-0.424
